0.541188	0.027716	0.046162	0.049379	0.005934	-0.003639	0.031193	0.059726	0.008166	0.062501	0.036132	0.036808	0.040016	0.034776	-0.023686	-0.026093	-0.032033	0.008751	0.007085	-0.031671	-0.022482	-0.014196	-0.054292	-0.041193	0.013560	-0.029466	-0.032247	0.004273	-0.001561	-0.042341	-0.046194	-0.054403	-0.029207	-0.024068	-0.025586	-0.022498	-0.059617	-0.027626	-0.024809	0.012931	-0.056914	-0.027111	-0.033633	-0.034568	-0.023898	-0.035715	-0.017430	0.022113	0.000469	0.009090	-0.000431	0.003152	0.005215	0.003887	0.002497	-0.006600	0.001235	0.013337	0.008244	0.013240	0.006228	0.032715	0.005071	0.013907	0.009104	
0.027716	0.550586	0.023549	0.031058	-0.006287	0.004584	0.037157	0.026268	0.011532	0.031077	0.041870	0.034074	0.073202	0.055199	-0.025064	-0.024534	-0.032055	0.006470	0.002092	-0.024013	-0.026684	-0.024385	-0.042228	-0.037488	0.006308	-0.008027	-0.034189	0.002895	0.001241	-0.042929	-0.049379	-0.044260	-0.026745	-0.024543	-0.026851	-0.034155	-0.046875	-0.034087	-0.021669	0.004775	-0.047336	-0.034702	-0.032300	-0.044644	-0.025276	-0.021505	-0.013612	0.011586	0.011742	0.016862	-0.000680	0.003920	0.003046	0.004881	0.006315	0.007610	-0.000707	0.014670	0.007092	0.014912	0.003382	0.021736	0.003354	0.019081	0.010663	
0.046162	0.023549	0.553210	0.038886	0.001541	0.012300	0.031883	0.028449	0.008178	0.042972	0.030722	0.040886	0.020938	0.035692	-0.021076	-0.032293	-0.029423	0.017461	-0.000810	-0.030643	-0.029925	-0.022317	-0.031237	-0.032935	0.012442	-0.021547	-0.026248	0.002026	0.001049	-0.040522	-0.044713	-0.053375	-0.033826	-0.033658	-0.035514	-0.030957	-0.049664	-0.028291	-0.029089	0.002099	-0.048769	-0.029697	-0.030232	-0.033426	-0.034843	-0.030055	-0.023179	0.010152	0.002176	0.016670	0.003647	0.008247	-0.009909	0.008644	-0.008222	-0.001618	0.004184	0.020692	0.027007	0.025903	0.018101	0.030355	0.007116	0.031089	0.020186	
0.049379	0.031058	0.038886	0.554555	0.012213	0.004334	0.035326	0.048609	0.001228	0.062228	0.030098	0.032920	0.018846	0.038231	-0.033447	-0.029529	-0.029030	0.011867	0.004327	-0.027313	-0.019253	-0.018535	-0.059083	-0.026216	0.009333	-0.016749	-0.037941	0.006824	0.007090	-0.043518	-0.044208	-0.050497	-0.027673	-0.023212	-0.027327	-0.022431	-0.052321	-0.031061	-0.025308	0.007914	-0.056058	-0.026481	-0.023740	-0.032017	-0.033095	-0.031131	-0.027191	0.001169	0.005618	0.010964	0.011947	-0.000961	0.008444	0.010279	0.005726	-0.009810	0.006159	0.014194	0.005260	0.011951	0.007763	0.017306	0.005814	0.013973	0.020579	
0.005934	-0.006287	0.001541	0.012213	0.536656	0.054643	0.001256	0.004826	0.039112	0.001953	0.006308	0.003934	0.003189	-0.001373	-0.029789	-0.023386	-0.023790	0.012137	0.015553	-0.034725	-0.024293	-0.026738	-0.044920	-0.028884	0.025191	-0.020207	-0.017905	0.016017	0.030515	-0.043023	-0.049360	-0.044241	-0.028872	-0.019667	-0.031576	-0.024195	-0.057361	-0.018819	-0.014194	0.018123	-0.045509	-0.028357	-0.026069	-0.022598	-0.021078	-0.018662	-0.024663	0.022336	0.018200	0.021625	0.025658	0.021561	0.022720	0.018681	0.023616	0.021748	0.022581	0.003620	0.001350	0.011655	0.006676	0.010121	0.004502	0.012097	0.011021	
-0.003639	0.004584	0.012300	0.004334	0.054643	0.555518	0.005238	0.002820	0.071671	0.006047	0.005884	-0.002364	-0.002996	0.000688	-0.025469	-0.023923	-0.029297	0.030124	0.018518	-0.039215	-0.032850	-0.021514	-0.044554	-0.041394	0.021491	-0.012837	-0.021830	0.008816	0.016988	-0.042769	-0.051817	-0.047602	-0.018000	-0.027885	-0.034937	-0.019536	-0.053380	-0.023874	-0.017894	0.015892	-0.058697	-0.027200	-0.019715	-0.031381	-0.025003	-0.029817	-0.021472	0.026995	0.022407	0.029221	0.036643	0.031754	0.016648	0.019612	0.023418	0.023583	0.020575	0.003986	0.003976	0.008068	0.001282	0.010036	0.004078	0.012237	0.000544	
0.031193	0.037157	0.031883	0.035326	0.001256	0.005238	0.539645	0.029971	0.014218	0.034215	0.051673	0.048057	0.040534	0.049753	-0.031753	-0.020153	-0.034113	0.010173	-0.005726	-0.021891	-0.021738	-0.021585	-0.043495	-0.037625	0.009108	-0.025334	-0.020320	-0.012717	-0.001834	-0.036740	-0.055729	-0.042138	-0.029819	-0.021969	-0.028230	-0.027289	-0.054806	-0.033095	-0.019434	0.000685	-0.048941	-0.031338	-0.025660	-0.030436	-0.021799	-0.026048	-0.023238	0.002299	0.014429	0.002153	0.003475	0.001411	0.003361	0.012877	0.007194	-0.000435	0.006610	0.008659	0.008423	0.016130	0.008214	0.014370	0.010107	0.014199	0.021256	
0.059726	0.026268	0.028449	0.048609	0.004826	0.002820	0.029971	0.524554	-0.000624	0.051452	0.031860	0.037168	0.037100	0.039767	-0.032589	-0.029913	-0.027720	0.005271	0.006202	-0.023969	-0.030142	-0.030102	-0.032923	-0.032926	-0.003476	-0.022329	-0.034259	0.019543	0.000606	-0.047178	-0.043462	-0.047831	-0.022974	-0.026194	-0.031551	-0.028237	-0.039716	-0.037206	-0.025917	0.004480	-0.053279	-0.029463	-0.028191	-0.026640	-0.020263	-0.035129	-0.033788	0.009596	-0.003125	0.022892	0.003882	0.009612	-0.000638	0.003230	0.016863	0.007540	0.006904	0.005338	0.010976	0.012131	0.021159	0.021102	0.021018	0.012234	0.000879	
0.008166	0.011532	0.008178	0.001228	0.039112	0.071671	0.014218	-0.000624	0.535415	-0.004061	0.005602	0.003116	0.006098	-0.002304	-0.028349	-0.027593	-0.028111	0.024308	0.024675	-0.030460	-0.027709	-0.021570	-0.040656	-0.031849	0.021661	-0.014361	-0.015899	0.006727	0.023597	-0.039888	-0.051986	-0.044043	-0.023591	-0.013595	-0.028554	-0.031226	-0.054226	-0.014780	-0.018627	0.021597	-0.051298	-0.021156	-0.026548	-0.026467	-0.025624	-0.028291	-0.018478	0.013949	0.021109	0.030408	0.017159	0.015998	0.023934	0.016281	0.016246	0.025787	0.023005	0.005512	0.000532	0.002704	0.001791	0.007382	0.000182	0.006421	0.004329	
0.062501	0.031077	0.042972	0.062228	0.001953	0.006047	0.034215	0.051452	-0.004061	0.529781	0.025938	0.047285	0.031064	0.030117	-0.026425	-0.028493	-0.027994	0.011660	0.004685	-0.023566	-0.026463	-0.023147	-0.047204	-0.024955	0.002462	-0.013567	-0.026062	0.006843	-0.004977	-0.043273	-0.053225	-0.050252	-0.027202	-0.024548	-0.022677	-0.023203	-0.045073	-0.028670	-0.018624	-0.002007	-0.046098	-0.031206	-0.017621	-0.029513	-0.025507	-0.036985	-0.017119	0.011016	0.000102	-0.007429	0.002704	0.002673	-0.005092	0.004650	0.003147	-0.011146	0.008211	0.013310	0.012170	0.012196	0.012187	0.019698	0.011255	0.003262	0.009415	
0.036132	0.041870	0.030722	0.030098	0.006308	0.005884	0.051673	0.031860	0.005602	0.025938	0.528224	0.048364	0.024914	0.048479	-0.030429	-0.019959	-0.030191	0.020082	-0.001465	-0.034009	-0.026739	-0.023876	-0.048497	-0.042174	-0.001203	-0.021298	-0.027355	-0.001453	0.002766	-0.037336	-0.050677	-0.060016	-0.026348	-0.026519	-0.028036	-0.023705	-0.061502	-0.034820	-0.019465	-0.001267	-0.053378	-0.020864	-0.021512	-0.034195	-0.035159	-0.025288	-0.018977	0.016839	0.008072	0.014886	0.001185	0.014257	0.000054	0.006859	0.005469	0.011733	0.007709	0.011113	0.008618	0.021859	0.011233	0.024730	0.019112	0.015072	0.014109	
0.036808	0.034074	0.040886	0.032920	0.003934	-0.002364	0.048057	0.037168	0.003116	0.047285	0.048364	0.557134	0.050102	0.068357	-0.024218	-0.023010	-0.036970	0.003024	0.006892	-0.027120	-0.020642	-0.024555	-0.048159	-0.037206	0.002523	-0.018589	-0.036845	0.002951	0.004572	-0.047278	-0.058021	-0.050304	-0.020589	-0.027198	-0.014596	-0.028112	-0.046707	-0.030304	-0.018676	0.005735	-0.050217	-0.028434	-0.026371	-0.033067	-0.033128	-0.027210	-0.020334	0.000797	-0.002322	0.008558	0.001974	0.004767	0.004570	0.003243	0.000158	0.003147	0.009966	0.011902	0.006583	0.006044	0.004680	0.013998	0.001715	0.005356	0.019755	
0.040016	0.073202	0.020938	0.018846	0.003189	-0.002996	0.040534	0.037100	0.006098	0.031064	0.024914	0.050102	0.554604	0.043665	-0.024060	-0.022626	-0.028227	0.014703	0.004000	-0.031706	-0.021613	-0.031061	-0.045629	-0.032869	0.009120	-0.022949	-0.030248	-0.002991	0.008797	-0.043732	-0.054475	-0.050372	-0.026531	-0.022070	-0.028783	-0.027841	-0.046548	-0.037827	-0.017840	-0.000320	-0.042491	-0.028840	-0.028811	-0.031666	-0.025853	-0.026487	-0.028873	0.008298	-0.001034	0.004989	0.004730	0.009782	0.003938	0.005886	-0.000023	0.003757	0.004138	0.005283	0.015438	0.017385	0.005629	0.025226	0.016106	0.014437	0.018784	
0.034776	0.055199	0.035692	0.038231	-0.001373	0.000688	0.049753	0.039767	-0.002304	0.030117	0.048479	0.068357	0.043665	0.562788	-0.044322	-0.025381	-0.026237	0.005171	-0.001804	-0.029716	-0.030128	-0.027829	-0.041832	-0.036301	0.009980	-0.016554	-0.031421	0.008487	0.008527	-0.047503	-0.058810	-0.052448	-0.029850	-0.017595	-0.032667	-0.023479	-0.052805	-0.029172	-0.026242	0.011723	-0.047504	-0.031934	-0.027838	-0.036680	-0.028269	-0.041893	-0.020445	0.004414	0.009427	0.008221	-0.007851	-0.000315	0.014173	-0.003194	0.012020	0.012863	0.008725	0.007950	0.008392	0.016438	0.011572	0.013435	0.010188	0.008746	0.015126	
-0.023686	-0.025064	-0.021076	-0.033447	-0.029789	-0.025469	-0.031753	-0.032589	-0.028349	-0.026425	-0.030429	-0.024218	-0.024060	-0.044322	0.637308	0.081525	0.021931	-0.024713	-0.021862	0.008624	0.025947	0.019322	0.008708	0.001475	-0.036057	-0.004193	0.016747	-0.036985	-0.025650	0.006539	0.019856	0.000803	0.001374	0.011709	0.013129	0.020961	0.012533	0.055480	0.017181	-0.019517	0.012298	0.002680	0.072064	0.055315	0.057401	0.067271	0.072905	-0.016886	-0.025202	-0.026295	-0.028587	-0.023874	-0.029944	-0.012069	-0.028482	-0.021427	-0.027937	-0.019449	-0.020025	-0.020450	-0.029383	-0.028762	-0.035284	-0.016169	-0.022553	
-0.026093	-0.024534	-0.032293	-0.029529	-0.023386	-0.023923	-0.020153	-0.029913	-0.027593	-0.028493	-0.019959	-0.023010	-0.022626	-0.025381	0.081525	0.634006	0.019298	-0.027459	-0.018395	0.002942	0.012131	0.019400	-0.005220	-0.009403	-0.020391	0.003566	0.020214	-0.020303	-0.028170	0.001760	-0.001189	-0.002508	-0.007810	0.009867	0.017160	0.014714	0.002671	0.040310	0.008562	-0.022602	0.000629	-0.007521	0.076322	0.044889	0.059060	0.034818	0.127428	-0.033638	-0.016087	-0.029831	-0.023538	-0.031251	-0.023766	-0.014589	-0.028517	-0.016492	-0.017467	-0.029650	-0.014525	-0.027488	-0.006035	-0.029588	-0.017133	-0.018349	-0.008468	
-0.032033	-0.032055	-0.029423	-0.029030	-0.023790	-0.029297	-0.034113	-0.027720	-0.028111	-0.027994	-0.030191	-0.036970	-0.028227	-0.026237	0.021931	0.019298	0.672825	-0.019166	-0.027836	-0.001981	0.050244	0.088125	0.015610	0.014477	-0.023846	-0.004181	0.039915	-0.022176	-0.033319	0.025189	0.033084	0.026682	0.012004	0.010705	0.054935	0.038142	0.022711	0.016184	0.021486	-0.022781	0.012649	0.003708	0.021133	0.015115	0.031320	0.037350	0.011017	-0.016309	-0.022704	-0.014874	-0.031963	-0.023184	-0.028012	-0.031146	-0.027228	-0.023448	-0.029506	-0.027570	-0.016172	-0.025521	-0.015929	-0.019488	-0.009066	-0.014123	-0.032707	
0.008751	0.006470	0.017461	0.011867	0.012137	0.030124	0.010173	0.005271	0.024308	0.011660	0.020082	0.003024	0.014703	0.005171	-0.024713	-0.027459	-0.019166	0.550183	0.032828	-0.039815	-0.014247	-0.014658	-0.046283	-0.036798	0.029702	-0.021457	-0.020961	0.008668	0.026216	-0.051840	-0.053434	-0.049670	-0.022327	-0.022610	-0.022659	-0.024315	-0.047315	-0.032832	-0.011039	0.010887	-0.049131	-0.024750	-0.026640	-0.021137	-0.030912	-0.020928	-0.019813	0.020408	0.016837	0.029073	0.028588	0.021102	0.021244	0.018674	0.023496	0.010446	0.018281	0.006888	0.001682	0.005323	-0.010952	0.022313	-0.002169	0.003166	-0.002089	
0.007085	0.002092	-0.000810	0.004327	0.015553	0.018518	-0.005726	0.006202	0.024675	0.004685	-0.001465	0.006892	0.004000	-0.001804	-0.021862	-0.018395	-0.027836	0.032828	0.552553	-0.032106	-0.020431	-0.015308	-0.048853	-0.025700	0.025663	-0.012392	-0.020143	0.026995	0.026244	-0.052377	-0.046290	-0.038346	-0.017442	-0.023373	-0.028957	-0.021125	-0.039493	-0.026705	-0.017336	0.020968	-0.042890	-0.033081	-0.025596	-0.031275	-0.026818	-0.020562	-0.028595	0.020888	0.017317	0.019500	0.038330	0.008930	0.027146	0.027738	0.015956	0.025271	0.023731	0.001268	0.009052	0.003543	0.007601	0.002799	0.007686	0.003307	0.010025	
-0.031671	-0.024013	-0.030643	-0.027313	-0.034725	-0.039215	-0.021891	-0.023969	-0.030460	-0.023566	-0.034009	-0.027120	-0.031706	-0.029716	0.008624	0.002942	-0.001981	-0.039815	-0.032106	0.742270	0.005198	0.003091	0.042855	0.077303	-0.024049	0.053223	0.021865	-0.025542	-0.034652	0.051982	0.062588	0.062737	0.050771	0.044614	0.019941	0.016365	0.069046	0.009994	0.002080	-0.028293	0.067004	0.061338	-0.000193	0.010394	0.010785	0.009698	-0.003983	-0.041363	-0.027765	-0.039476	-0.025276	-0.041234	-0.028328	-0.031463	-0.029916	-0.024555	-0.023610	-0.018172	-0.026541	-0.031372	-0.024717	-0.040136	-0.024293	-0.029124	-0.027601	
-0.022482	-0.026684	-0.029925	-0.019253	-0.024293	-0.032850	-0.021738	-0.030142	-0.027709	-0.026463	-0.026739	-0.020642	-0.021613	-0.030128	0.025947	0.012131	0.050244	-0.014247	-0.020431	0.005198	0.639866	0.038487	0.001215	0.009118	-0.022880	-0.009767	0.044496	-0.024034	-0.022638	0.004016	0.013040	0.003701	0.007323	0.021046	0.058273	0.036850	0.019385	0.025848	0.077688	-0.028931	0.019941	0.010435	0.017807	0.025344	0.015795	0.023858	0.009724	-0.015569	-0.019818	-0.021137	-0.018572	-0.026849	-0.018009	-0.015948	-0.029650	-0.018867	-0.024699	-0.021182	-0.023339	-0.023764	-0.026258	-0.028688	-0.023236	-0.018014	-0.019655	
-0.014196	-0.024385	-0.022317	-0.018535	-0.026738	-0.021514	-0.021585	-0.030102	-0.021570	-0.023147	-0.023876	-0.024555	-0.031061	-0.027829	0.019322	0.019400	0.088125	-0.014658	-0.015308	0.003091	0.038487	0.675946	0.000803	-0.005526	-0.017870	0.000439	0.047473	-0.033708	-0.030053	0.018062	0.009579	0.013456	0.010752	-0.002183	0.056393	0.040278	0.014003	0.016625	0.035708	-0.019515	0.012074	-0.002628	0.012538	0.013862	0.017077	0.032934	0.012588	-0.022871	-0.012210	-0.024486	-0.017402	-0.027826	-0.021019	-0.021443	-0.022042	-0.025831	-0.019689	-0.025208	-0.027930	-0.024176	-0.025427	-0.022322	-0.016645	-0.025881	-0.015774	
-0.054292	-0.042228	-0.031237	-0.059083	-0.044920	-0.044554	-0.043495	-0.032923	-0.040656	-0.047204	-0.048497	-0.048159	-0.045629	-0.041832	0.008708	-0.005220	0.015610	-0.046283	-0.048853	0.042855	0.001215	0.000803	0.818962	0.080324	-0.033680	0.024841	0.010878	-0.030655	-0.046203	0.137460	0.173255	0.183571	0.035379	0.019621	0.014602	0.024355	0.162318	0.015047	-0.007212	-0.039731	0.149432	0.051821	0.010508	0.022450	0.008609	0.017124	-0.007966	-0.036648	-0.041349	-0.044927	-0.037392	-0.033470	-0.047560	-0.038157	-0.043500	-0.039495	-0.036968	-0.041697	-0.020019	-0.041455	-0.041916	-0.047847	-0.037538	-0.043612	-0.056209	
-0.041193	-0.037488	-0.032935	-0.026216	-0.028884	-0.041394	-0.037625	-0.032926	-0.031849	-0.024955	-0.042174	-0.037206	-0.032869	-0.036301	0.001475	-0.009403	0.014477	-0.036798	-0.025700	0.077303	0.009118	-0.005526	0.080324	0.705315	-0.036621	0.039635	0.006131	-0.007276	-0.028811	0.065730	0.074076	0.068691	0.046559	0.037917	0.011436	0.009328	0.065850	0.014592	0.000466	-0.025050	0.075216	0.067066	-0.002033	0.018042	0.009961	0.002662	-0.009551	-0.030213	-0.027346	-0.028439	-0.027907	-0.021952	-0.025537	-0.033981	-0.025996	-0.022555	-0.030872	-0.025434	-0.010873	-0.039877	-0.019328	-0.036442	-0.025003	-0.014698	-0.031475	
0.013560	0.006308	0.012442	0.009333	0.025191	0.021491	0.009108	-0.003476	0.021661	0.002462	-0.001203	0.002523	0.009120	0.009980	-0.036057	-0.020391	-0.023846	0.029702	0.025663	-0.024049	-0.022880	-0.017870	-0.033680	-0.036621	0.570998	-0.021053	-0.021462	0.014380	0.034074	-0.045111	-0.050997	-0.050735	-0.020117	-0.015430	-0.024854	-0.016457	-0.051091	-0.024635	-0.007360	0.022925	-0.050309	-0.019376	-0.024317	-0.018700	-0.024974	-0.030352	-0.023476	0.014034	0.017692	0.022586	0.026845	0.012017	0.013176	0.026081	0.020737	0.004636	0.021508	0.002096	0.008411	0.001998	0.005265	0.011082	-0.008430	0.006280	-0.000556	
-0.029466	-0.008027	-0.021547	-0.016749	-0.020207	-0.012837	-0.025334	-0.022329	-0.014361	-0.013567	-0.021298	-0.018589	-0.022949	-0.016554	-0.004193	0.003566	-0.004181	-0.021457	-0.012392	0.053223	-0.009767	0.000439	0.024841	0.039635	-0.021053	0.644235	0.008934	-0.012154	-0.017875	0.028208	0.022661	0.018179	0.028917	0.038348	-0.004286	-0.002101	0.031829	0.009375	-0.007010	-0.020101	0.032837	0.049537	0.005175	-0.007620	-0.009037	0.000721	-0.007878	-0.024135	-0.014603	-0.016938	-0.019795	-0.024006	-0.018216	-0.019882	-0.010655	-0.019300	-0.021517	-0.002751	-0.009087	-0.017872	-0.014492	-0.021552	-0.008646	-0.018108	-0.012067	
-0.032247	-0.034189	-0.026248	-0.037941	-0.017905	-0.021830	-0.020320	-0.034259	-0.015899	-0.026062	-0.027355	-0.036845	-0.030248	-0.031421	0.016747	0.020214	0.039915	-0.020961	-0.020143	0.021865	0.044496	0.047473	0.010878	0.006131	-0.021462	0.008934	0.667904	-0.024423	-0.021220	0.017633	0.006325	0.029631	0.014728	-0.000466	0.047040	0.031603	0.020803	0.025120	0.041378	-0.024802	0.017518	0.009481	0.031876	0.026084	0.030880	0.024259	0.013966	-0.026350	-0.015237	-0.032370	-0.025739	-0.032999	-0.019415	-0.022776	-0.019196	-0.012366	-0.014810	-0.025751	-0.027907	-0.015682	-0.032182	-0.020492	-0.030403	-0.021340	-0.017672	
0.004273	0.002895	0.002026	0.006824	0.016017	0.008816	-0.012717	0.019543	0.006727	0.006843	-0.001453	0.002951	-0.002991	0.008487	-0.036985	-0.020303	-0.022176	0.008668	0.026995	-0.025542	-0.024034	-0.033708	-0.030655	-0.007276	0.014380	-0.012154	-0.024423	0.600495	0.017784	-0.043554	-0.034869	-0.031557	-0.015171	-0.018730	-0.028041	-0.031504	-0.046145	-0.025337	-0.026812	0.051365	-0.039377	-0.024710	-0.029424	-0.015110	-0.028274	-0.030603	-0.030504	0.006894	0.023993	0.024369	0.007731	0.026677	0.030321	0.008435	0.018227	0.014326	0.014933	0.001055	0.011323	0.005814	0.015859	-0.007919	0.019107	0.013937	0.014217	
-0.001561	0.001241	0.001049	0.007090	0.030515	0.016988	-0.001834	0.000606	0.023597	-0.004977	0.002766	0.004572	0.008797	0.008527	-0.025650	-0.028170	-0.033319	0.026216	0.026244	-0.034652	-0.022638	-0.030053	-0.046203	-0.028811	0.034074	-0.017875	-0.021220	0.017784	0.589133	-0.048484	-0.045899	-0.050154	-0.016712	-0.015301	-0.026646	-0.024235	-0.051188	-0.026427	-0.009151	0.020229	-0.039337	-0.023427	-0.028368	-0.019476	-0.030945	-0.024124	-0.023008	0.013485	0.016352	0.024522	0.031153	0.025926	0.029118	0.013558	0.024254	0.015044	0.019265	0.007194	0.010121	0.023137	-0.000254	0.014938	0.003107	-0.001498	0.005559	
-0.042341	-0.042929	-0.040522	-0.043518	-0.043023	-0.042769	-0.036740	-0.047178	-0.039888	-0.043273	-0.037336	-0.047278	-0.043732	-0.047503	0.006539	0.001760	0.025189	-0.051840	-0.052377	0.051982	0.004016	0.018062	0.137460	0.065730	-0.045111	0.028208	0.017633	-0.043554	-0.048484	0.818194	0.168376	0.151356	0.041231	0.028748	0.025311	0.020492	0.159471	0.019317	0.010951	-0.036930	0.165110	0.065918	0.011050	0.020056	0.008925	0.026477	0.005679	-0.030119	-0.052441	-0.048000	-0.041933	-0.045466	-0.051310	-0.040890	-0.046460	-0.045956	-0.043994	-0.029633	-0.045570	-0.045431	-0.054702	-0.041205	-0.048066	-0.048040	-0.058604	
-0.046194	-0.049379	-0.044713	-0.044208	-0.049360	-0.051817	-0.055729	-0.043462	-0.051986	-0.053225	-0.050677	-0.058021	-0.054475	-0.058810	0.019856	-0.001189	0.033084	-0.053434	-0.046290	0.062588	0.013040	0.009579	0.173255	0.074076	-0.050997	0.022661	0.006325	-0.034869	-0.045899	0.168376	0.866943	0.189184	0.037830	0.026590	0.026428	0.026918	0.188941	0.019305	0.001564	-0.053772	0.160467	0.058676	0.009118	0.022077	0.016933	0.026239	0.012896	-0.042783	-0.053244	-0.055806	-0.050756	-0.040395	-0.053581	-0.042823	-0.042632	-0.046759	-0.045700	-0.040150	-0.044001	-0.056400	-0.040369	-0.041217	-0.042543	-0.044437	-0.057373	
-0.054403	-0.044260	-0.053375	-0.050497	-0.044241	-0.047602	-0.042138	-0.047831	-0.044043	-0.050252	-0.060016	-0.050304	-0.050372	-0.052448	0.000803	-0.002508	0.026682	-0.049670	-0.038346	0.062737	0.003701	0.013456	0.183571	0.068691	-0.050735	0.018179	0.029631	-0.031557	-0.050154	0.151356	0.189184	0.797734	0.040012	0.018606	0.031435	0.012609	0.191349	0.009740	0.003069	-0.041424	0.159148	0.066620	0.000909	0.014432	0.018551	0.022886	-0.000396	-0.050314	-0.040444	-0.042214	-0.038972	-0.043521	-0.043040	-0.041431	-0.041014	-0.040058	-0.046229	-0.042147	-0.042496	-0.038516	-0.039316	-0.054283	-0.043862	-0.041690	-0.050107	
-0.029207	-0.026745	-0.033826	-0.027673	-0.028872	-0.018000	-0.029819	-0.022974	-0.023591	-0.027202	-0.026348	-0.020589	-0.026531	-0.029850	0.001374	-0.007810	0.012004	-0.022327	-0.017442	0.050771	0.007323	0.010752	0.035379	0.046559	-0.020117	0.028917	0.014728	-0.015171	-0.016712	0.041231	0.037830	0.040012	0.660633	0.036912	0.014159	0.011938	0.035364	0.008166	0.019793	-0.028766	0.048797	0.051039	0.003401	0.005854	-0.005841	0.000415	-0.002084	-0.022181	-0.024058	-0.020972	-0.009257	-0.021940	-0.028236	-0.034646	-0.012994	-0.016330	-0.016966	-0.011416	-0.022722	-0.026988	-0.024738	-0.027845	-0.020360	-0.017623	-0.026267	
-0.024068	-0.024543	-0.033658	-0.023212	-0.019667	-0.027885	-0.021969	-0.026194	-0.013595	-0.024548	-0.026519	-0.027198	-0.022070	-0.017595	0.011709	0.009867	0.010705	-0.022610	-0.023373	0.044614	0.021046	-0.002183	0.019621	0.037917	-0.015430	0.038348	-0.000466	-0.018730	-0.015301	0.028748	0.026590	0.018606	0.036912	0.643686	-0.006117	0.012672	0.030901	0.009351	0.010135	-0.023853	0.040833	0.033021	0.006054	0.004668	0.010142	-0.000433	0.000005	-0.011056	-0.012368	-0.032212	-0.019594	-0.015897	-0.019370	-0.023634	-0.016666	-0.008029	-0.010246	-0.023785	-0.013968	-0.007956	-0.013160	-0.027902	-0.021208	-0.026943	-0.019095	
-0.025586	-0.026851	-0.035514	-0.027327	-0.031576	-0.034937	-0.028230	-0.031551	-0.028554	-0.022677	-0.028036	-0.014596	-0.028783	-0.032667	0.013129	0.017160	0.054935	-0.022659	-0.028957	0.019941	0.058273	0.056393	0.014602	0.011436	-0.024854	-0.004286	0.047040	-0.028041	-0.026646	0.025311	0.026428	0.031435	0.014159	-0.006117	0.685285	0.052723	0.027690	0.018565	0.045893	-0.023902	0.022146	-0.006675	0.025660	0.031954	0.020033	0.025837	0.020063	-0.016978	-0.027553	-0.034858	-0.035682	-0.019900	-0.039637	-0.026507	-0.026767	-0.023552	-0.025318	-0.019316	-0.035140	-0.023931	-0.018518	-0.024901	-0.021144	-0.020101	-0.014625	
-0.022498	-0.034155	-0.030957	-0.022431	-0.024195	-0.019536	-0.027289	-0.028237	-0.031226	-0.023203	-0.023705	-0.028112	-0.027841	-0.023479	0.020961	0.014714	0.038142	-0.024315	-0.021125	0.016365	0.036850	0.040278	0.024355	0.009328	-0.016457	-0.002101	0.031603	-0.031504	-0.024235	0.020492	0.026918	0.012609	0.011938	0.012672	0.052723	0.671883	0.026034	0.021653	0.023001	-0.029737	0.024331	0.007370	0.024569	0.011434	0.023234	0.017178	0.015470	-0.014681	-0.018026	-0.024880	-0.021298	-0.020539	-0.022656	-0.025000	-0.029779	-0.013122	-0.011386	-0.022214	-0.023806	-0.016890	-0.024128	-0.023959	-0.022461	-0.028083	-0.020913	
-0.059617	-0.046875	-0.049664	-0.052321	-0.057361	-0.053380	-0.054806	-0.039716	-0.054226	-0.045073	-0.061502	-0.046707	-0.046548	-0.052805	0.012533	0.002671	0.022711	-0.047315	-0.039493	0.069046	0.019385	0.014003	0.162318	0.065850	-0.051091	0.031829	0.020803	-0.046145	-0.051188	0.159471	0.188941	0.191349	0.035364	0.030901	0.027690	0.026034	0.904972	0.024859	0.015928	-0.047880	0.160486	0.052709	0.011622	0.012720	0.011982	0.017108	0.007945	-0.036325	-0.050853	-0.052398	-0.043959	-0.050542	-0.048592	-0.050033	-0.045549	-0.042221	-0.045681	-0.040696	-0.046241	-0.041584	-0.047579	-0.040181	-0.048510	-0.058763	-0.055321	
-0.027626	-0.034087	-0.028291	-0.031061	-0.018819	-0.023874	-0.033095	-0.037206	-0.014780	-0.028670	-0.034820	-0.030304	-0.037827	-0.029172	0.055480	0.040310	0.016184	-0.032832	-0.026705	0.009994	0.025848	0.016625	0.015047	0.014592	-0.024635	0.009375	0.025120	-0.025337	-0.026427	0.019317	0.019305	0.009740	0.008166	0.009351	0.018565	0.021653	0.024859	0.669895	0.007707	-0.023796	0.017169	0.014328	0.061347	0.080631	0.043408	0.048083	0.041065	-0.034381	-0.030158	-0.031590	-0.014905	-0.023295	-0.007904	-0.026062	-0.020110	-0.018702	-0.016740	-0.018306	-0.025997	-0.027101	-0.028465	-0.033041	-0.030074	-0.028015	-0.024008	
-0.024809	-0.021669	-0.029089	-0.025308	-0.014194	-0.017894	-0.019434	-0.025917	-0.018627	-0.018624	-0.019465	-0.018676	-0.017840	-0.026242	0.017181	0.008562	0.021486	-0.011039	-0.017336	0.002080	0.077688	0.035708	-0.007212	0.000466	-0.007360	-0.007010	0.041378	-0.026812	-0.009151	0.010951	0.001564	0.003069	0.019793	0.010135	0.045893	0.023001	0.015928	0.007707	0.623104	-0.027869	0.010611	-0.001606	0.019659	0.023582	0.019454	0.023225	0.008753	-0.017218	-0.022597	-0.019058	-0.021125	-0.021834	-0.025758	-0.020195	-0.018648	-0.015998	-0.017651	-0.010519	-0.015048	-0.015360	-0.021921	-0.021978	-0.028952	-0.014693	-0.017689	
0.012931	0.004775	0.002099	0.007914	0.018123	0.015892	0.000685	0.004480	0.021597	-0.002007	-0.001267	0.005735	-0.000320	0.011723	-0.019517	-0.022602	-0.022781	0.010887	0.020968	-0.028293	-0.028931	-0.019515	-0.039731	-0.025050	0.022925	-0.020101	-0.024802	0.051365	0.020229	-0.036930	-0.053772	-0.041424	-0.028766	-0.023853	-0.023902	-0.029737	-0.047880	-0.023796	-0.027869	0.568030	-0.040546	-0.020119	-0.030820	-0.025542	-0.031251	-0.024430	-0.025235	0.018714	0.020000	0.028169	0.021133	0.028105	0.036267	0.015737	0.022141	0.022306	0.017152	0.006775	0.008798	-0.001003	0.000796	0.006951	0.000994	0.002149	0.019260	
-0.056914	-0.047336	-0.048769	-0.056058	-0.045509	-0.058697	-0.048941	-0.053279	-0.051298	-0.046098	-0.053378	-0.050217	-0.042491	-0.047504	0.012298	0.000629	0.012649	-0.049131	-0.042890	0.067004	0.019941	0.012074	0.149432	0.075216	-0.050309	0.032837	0.017518	-0.039377	-0.039337	0.165110	0.160467	0.159148	0.048797	0.040833	0.022146	0.024331	0.160486	0.017169	0.010611	-0.040546	0.797855	0.069079	0.017600	0.029768	0.011521	0.022522	0.004548	-0.037463	-0.049619	-0.056925	-0.040014	-0.045016	-0.041033	-0.048008	-0.042734	-0.041439	-0.034846	-0.036525	-0.046927	-0.038204	-0.038890	-0.049678	-0.045808	-0.051430	-0.050021	
-0.027111	-0.034702	-0.029697	-0.026481	-0.028357	-0.027200	-0.031338	-0.029463	-0.021156	-0.031206	-0.020864	-0.028434	-0.028840	-0.031934	0.002680	-0.007521	0.003708	-0.024750	-0.033081	0.061338	0.010435	-0.002628	0.051821	0.067066	-0.019376	0.049537	0.009481	-0.024710	-0.023427	0.065918	0.058676	0.066620	0.051039	0.033021	-0.006675	0.007370	0.052709	0.014328	-0.001606	-0.020119	0.069079	0.687541	-0.006929	0.008289	-0.005778	0.019793	0.006563	-0.024265	-0.026255	-0.027122	-0.013939	-0.026734	-0.024333	-0.032212	-0.016320	-0.025982	-0.024020	-0.028071	-0.021981	-0.032347	-0.033824	-0.020440	-0.033965	-0.035746	-0.032304	
-0.033633	-0.032300	-0.030232	-0.023740	-0.026069	-0.019715	-0.025660	-0.028191	-0.026548	-0.017621	-0.021512	-0.026371	-0.028811	-0.027838	0.072064	0.076322	0.021133	-0.026640	-0.025596	-0.000193	0.017807	0.012538	0.010508	-0.002033	-0.024317	0.005175	0.031876	-0.029424	-0.028368	0.011050	0.009118	0.000909	0.003401	0.006054	0.025660	0.024569	0.011622	0.061347	0.019659	-0.030820	0.017600	-0.006929	0.657387	0.057793	0.047567	0.048062	0.065330	-0.021073	-0.017753	-0.042680	-0.022155	-0.029642	-0.021931	-0.030036	-0.028264	-0.023015	-0.029638	-0.016520	-0.029181	-0.013454	-0.020918	-0.027527	-0.021285	-0.024421	-0.023803	
-0.034568	-0.044644	-0.033426	-0.032017	-0.022598	-0.031381	-0.030436	-0.026640	-0.026467	-0.029513	-0.034195	-0.033067	-0.031666	-0.036680	0.055315	0.044889	0.015115	-0.021137	-0.031275	0.010394	0.025344	0.013862	0.022450	0.018042	-0.018700	-0.007620	0.026084	-0.015110	-0.019476	0.020056	0.022077	0.014432	0.005854	0.004668	0.031954	0.011434	0.012720	0.080631	0.023582	-0.025542	0.029768	0.008289	0.057793	0.678723	0.047422	0.054582	0.052083	-0.036240	-0.023884	-0.032771	-0.033369	-0.019507	-0.030886	-0.021709	-0.037783	-0.032083	-0.020746	-0.018584	-0.025033	-0.027266	-0.010896	-0.027897	-0.020412	-0.026034	-0.016944	
-0.023898	-0.025276	-0.034843	-0.033095	-0.021078	-0.025003	-0.021799	-0.020263	-0.025624	-0.025507	-0.035159	-0.033128	-0.025853	-0.028269	0.057401	0.059060	0.031320	-0.030912	-0.026818	0.010785	0.015795	0.017077	0.008609	0.009961	-0.024974	-0.009037	0.030880	-0.028274	-0.030945	0.008925	0.016933	0.018551	-0.005841	0.010142	0.020033	0.023234	0.011982	0.043408	0.019454	-0.031251	0.011521	-0.005778	0.047567	0.047422	0.656792	0.069318	0.059590	-0.033703	-0.016038	-0.032945	-0.032074	-0.027588	-0.026090	-0.019849	-0.012655	-0.013958	-0.018999	-0.024406	-0.017300	-0.024616	-0.015588	-0.027619	-0.028154	-0.011749	-0.021410	
-0.035715	-0.021505	-0.030055	-0.031131	-0.018662	-0.029817	-0.026048	-0.035129	-0.028291	-0.036985	-0.025288	-0.027210	-0.026487	-0.041893	0.067271	0.034818	0.037350	-0.020928	-0.020562	0.009698	0.023858	0.032934	0.017124	0.002662	-0.030352	0.000721	0.024259	-0.030603	-0.024124	0.026477	0.026239	0.022886	0.000415	-0.000433	0.025837	0.017178	0.017108	0.048083	0.023225	-0.024430	0.022522	0.019793	0.048062	0.054582	0.069318	0.645445	0.054325	-0.018862	-0.024015	-0.031546	-0.018024	-0.034773	-0.028418	-0.013028	-0.026618	-0.026566	-0.024830	-0.017698	-0.031150	-0.037675	-0.034521	-0.022040	-0.030257	-0.032151	-0.031645	
-0.017430	-0.013612	-0.023179	-0.027191	-0.024663	-0.021472	-0.023238	-0.033788	-0.018478	-0.017119	-0.018977	-0.020334	-0.028873	-0.020445	0.072905	0.127428	0.011017	-0.019813	-0.028595	-0.003983	0.009724	0.012588	-0.007966	-0.009551	-0.023476	-0.007878	0.013966	-0.030504	-0.023008	0.005679	0.012896	-0.000396	-0.002084	0.000005	0.020063	0.015470	0.007945	0.041065	0.008753	-0.025235	0.004548	0.006563	0.065330	0.052083	0.059590	0.054325	0.614665	-0.012663	-0.024819	-0.029301	-0.027301	-0.030043	-0.026625	-0.016092	-0.009349	-0.029629	-0.020890	-0.019180	-0.029018	-0.032606	-0.023353	-0.010420	-0.029706	-0.022338	-0.024656	
0.022113	0.011586	0.010152	0.001169	0.022336	0.026995	0.002299	0.009596	0.013949	0.011016	0.016839	0.000797	0.008298	0.004414	-0.016886	-0.033638	-0.016309	0.020408	0.020888	-0.041363	-0.015569	-0.022871	-0.036648	-0.030213	0.014034	-0.024135	-0.026350	0.006894	0.013485	-0.030119	-0.042783	-0.050314	-0.022181	-0.011056	-0.016978	-0.014681	-0.036325	-0.034381	-0.017218	0.018714	-0.037463	-0.024265	-0.021073	-0.036240	-0.033703	-0.018862	-0.012663	0.565903	0.012013	0.015890	0.021392	0.024072	0.015855	0.032375	0.011104	0.019515	0.008939	0.009519	0.000811	0.007276	-0.000753	0.009469	0.006788	-0.004030	-0.004880	
0.000469	0.011742	0.002176	0.005618	0.018200	0.022407	0.014429	-0.003125	0.021109	0.000102	0.008072	-0.002322	-0.001034	0.009427	-0.025202	-0.016087	-0.022704	0.016837	0.017317	-0.027765	-0.019818	-0.012210	-0.041349	-0.027346	0.017692	-0.014603	-0.015237	0.023993	0.016352	-0.052441	-0.053244	-0.040444	-0.024058	-0.012368	-0.027553	-0.018026	-0.050853	-0.030158	-0.022597	0.020000	-0.049619	-0.026255	-0.017753	-0.023884	-0.016038	-0.024015	-0.024819	0.012013	0.568110	0.012319	0.017369	0.021969	0.022450	0.018976	0.013746	0.031193	0.021972	-0.006816	0.008084	0.010595	-0.003985	0.004204	0.012592	0.007874	0.028373	
0.009090	0.016862	0.016670	0.010964	0.021625	0.029221	0.002153	0.022892	0.030408	-0.007429	0.014886	0.008558	0.004989	0.008221	-0.026295	-0.029831	-0.014874	0.029073	0.019500	-0.039476	-0.021137	-0.024486	-0.044927	-0.028439	0.022586	-0.016938	-0.032370	0.024369	0.024522	-0.048000	-0.055806	-0.042214	-0.020972	-0.032212	-0.034858	-0.024880	-0.052398	-0.031590	-0.019058	0.028169	-0.056925	-0.027122	-0.042680	-0.032771	-0.032945	-0.031546	-0.029301	0.015890	0.012319	0.543631	0.030395	0.025394	0.024181	0.016189	0.016945	0.027163	0.029351	0.011294	0.019190	-0.001116	0.008025	0.012147	0.008223	0.017060	0.012256	
-0.000431	-0.000680	0.003647	0.011947	0.025658	0.036643	0.003475	0.003882	0.017159	0.002704	0.001185	0.001974	0.004730	-0.007851	-0.028587	-0.023538	-0.031963	0.028588	0.038330	-0.025276	-0.018572	-0.017402	-0.037392	-0.027907	0.026845	-0.019795	-0.025739	0.007731	0.031153	-0.041933	-0.050756	-0.038972	-0.009257	-0.019594	-0.035682	-0.021298	-0.043959	-0.014905	-0.021125	0.021133	-0.040014	-0.013939	-0.022155	-0.033369	-0.032074	-0.018024	-0.027301	0.021392	0.017369	0.030395	0.546662	0.014630	0.027989	0.030953	0.020752	0.015947	0.023783	0.002789	-0.010550	0.002466	-0.004433	0.005901	0.002203	-0.001159	0.008948	
0.003152	0.003920	0.008247	-0.000961	0.021561	0.031754	0.001411	0.009612	0.015998	0.002673	0.014257	0.004767	0.009782	-0.000315	-0.023874	-0.031251	-0.023184	0.021102	0.008930	-0.041234	-0.026849	-0.027826	-0.033470	-0.021952	0.012017	-0.024006	-0.032999	0.026677	0.025926	-0.045466	-0.040395	-0.043521	-0.021940	-0.015897	-0.019900	-0.020539	-0.050542	-0.023295	-0.021834	0.028105	-0.045016	-0.026734	-0.029642	-0.019507	-0.027588	-0.034773	-0.030043	0.024072	0.021969	0.025394	0.014630	0.554444	0.024230	0.016690	0.026708	0.023710	0.018669	0.013827	0.005910	-0.003213	0.010897	0.013664	0.020584	0.013494	0.006205	
0.005215	0.003046	-0.009909	0.008444	0.022720	0.016648	0.003361	-0.000638	0.023934	-0.005092	0.000054	0.004570	0.003938	0.014173	-0.029944	-0.023766	-0.028012	0.021244	0.027146	-0.028328	-0.018009	-0.021019	-0.047560	-0.025537	0.013176	-0.018216	-0.019415	0.030321	0.029118	-0.051310	-0.053581	-0.043040	-0.028236	-0.019370	-0.039637	-0.022656	-0.048592	-0.007904	-0.025758	0.036267	-0.041033	-0.024333	-0.021931	-0.030886	-0.026090	-0.028418	-0.026625	0.015855	0.022450	0.024181	0.027989	0.024230	0.539652	0.024739	0.023123	0.023062	0.022878	0.008774	0.010119	0.004610	0.017253	0.002850	0.002653	0.009570	0.017305	
0.003887	0.004881	0.008644	0.010279	0.018681	0.019612	0.012877	0.003230	0.016281	0.004650	0.006859	0.003243	0.005886	-0.003194	-0.012069	-0.014589	-0.031146	0.018674	0.027738	-0.031463	-0.015948	-0.021443	-0.038157	-0.033981	0.026081	-0.019882	-0.022776	0.008435	0.013558	-0.040890	-0.042823	-0.041431	-0.034646	-0.023634	-0.026507	-0.025000	-0.050033	-0.026062	-0.020195	0.015737	-0.048008	-0.032212	-0.030036	-0.021709	-0.019849	-0.013028	-0.016092	0.032375	0.018976	0.016189	0.030953	0.016690	0.024739	0.528015	0.020214	0.018233	0.012740	0.007672	0.001788	0.004186	0.011858	0.013044	0.011944	0.007339	0.014622	
0.002497	0.006315	-0.008222	0.005726	0.023616	0.023418	0.007194	0.016863	0.016246	0.003147	0.005469	0.000158	-0.000023	0.012020	-0.028482	-0.028517	-0.027228	0.023496	0.015956	-0.029916	-0.029650	-0.022042	-0.043500	-0.025996	0.020737	-0.010655	-0.019196	0.018227	0.024254	-0.046460	-0.042632	-0.041014	-0.012994	-0.016666	-0.026767	-0.029779	-0.045549	-0.020110	-0.018648	0.022141	-0.042734	-0.016320	-0.028264	-0.037783	-0.012655	-0.026618	-0.009349	0.011104	0.013746	0.016945	0.020752	0.026708	0.023123	0.020214	0.546853	0.021361	0.016884	0.003684	0.001640	0.003700	0.013518	0.008152	0.011457	0.014081	-0.000210	
-0.006600	0.007610	-0.001618	-0.009810	0.021748	0.023583	-0.000435	0.007540	0.025787	-0.011146	0.011733	0.003147	0.003757	0.012863	-0.021427	-0.016492	-0.023448	0.010446	0.025271	-0.024555	-0.018867	-0.025831	-0.039495	-0.022555	0.004636	-0.019300	-0.012366	0.014326	0.015044	-0.045956	-0.046759	-0.040058	-0.016330	-0.008029	-0.023552	-0.013122	-0.042221	-0.018702	-0.015998	0.022306	-0.041439	-0.025982	-0.023015	-0.032083	-0.013958	-0.026566	-0.029629	0.019515	0.031193	0.027163	0.015947	0.023710	0.023062	0.018233	0.021361	0.572364	0.024165	-0.001460	0.003500	0.003526	0.004647	-0.002527	0.005523	0.000014	0.003795	
0.001235	-0.000707	0.004184	0.006159	0.022581	0.020575	0.006610	0.006904	0.023005	0.008211	0.007709	0.009966	0.004138	0.008725	-0.027937	-0.017467	-0.029506	0.018281	0.023731	-0.023610	-0.024699	-0.019689	-0.036968	-0.030872	0.021508	-0.021517	-0.014810	0.014933	0.019265	-0.043994	-0.045700	-0.046229	-0.016966	-0.010246	-0.025318	-0.011386	-0.045681	-0.016740	-0.017651	0.017152	-0.034846	-0.024020	-0.029638	-0.020746	-0.018999	-0.024830	-0.020890	0.008939	0.021972	0.029351	0.023783	0.018669	0.022878	0.012740	0.016884	0.024165	0.549713	0.000276	-0.012159	0.000631	0.002203	0.005535	-0.003585	0.002992	0.006661	
0.013337	0.014670	0.020692	0.014194	0.003620	0.003986	0.008659	0.005338	0.005512	0.013310	0.011113	0.011902	0.005283	0.007950	-0.019449	-0.029650	-0.027570	0.006888	0.001268	-0.018172	-0.021182	-0.025208	-0.041697	-0.025434	0.002096	-0.002751	-0.025751	0.001055	0.007194	-0.029633	-0.040150	-0.042147	-0.011416	-0.023785	-0.019316	-0.022214	-0.040696	-0.018306	-0.010519	0.006775	-0.036525	-0.028071	-0.016520	-0.018584	-0.024406	-0.017698	-0.019180	0.009519	-0.006816	0.011294	0.002789	0.013827	0.008774	0.007672	0.003684	-0.001460	0.000276	0.525152	0.033265	0.021543	0.019275	0.029610	0.027380	0.024470	0.023507	
0.008244	0.007092	0.027007	0.005260	0.001350	0.003976	0.008423	0.010976	0.000532	0.012170	0.008618	0.006583	0.015438	0.008392	-0.020025	-0.014525	-0.016172	0.001682	0.009052	-0.026541	-0.023339	-0.027930	-0.020019	-0.010873	0.008411	-0.009087	-0.027907	0.011323	0.010121	-0.045570	-0.044001	-0.042496	-0.022722	-0.013968	-0.035140	-0.023806	-0.046241	-0.025997	-0.015048	0.008798	-0.046927	-0.021981	-0.029181	-0.025033	-0.017300	-0.031150	-0.029018	0.000811	0.008084	0.019190	-0.010550	0.005910	0.010119	0.001788	0.001640	0.003500	-0.012159	0.033265	0.634903	0.027971	0.026833	0.013221	0.041941	0.027735	0.021802	
0.013240	0.014912	0.025903	0.011951	0.011655	0.008068	0.016130	0.012131	0.002704	0.012196	0.021859	0.006044	0.017385	0.016438	-0.020450	-0.027488	-0.025521	0.005323	0.003543	-0.031372	-0.023764	-0.024176	-0.041455	-0.039877	0.001998	-0.017872	-0.015682	0.005814	0.023137	-0.045431	-0.056400	-0.038516	-0.026988	-0.007956	-0.023931	-0.016890	-0.041584	-0.027101	-0.015360	-0.001003	-0.038204	-0.032347	-0.013454	-0.027266	-0.024616	-0.037675	-0.032606	0.007276	0.010595	-0.001116	0.002466	-0.003213	0.004610	0.004186	0.003700	0.003526	0.000631	0.021543	0.027971	0.540350	0.068427	0.039001	0.032931	0.020532	0.031316	
0.006228	0.003382	0.018101	0.007763	0.006676	0.001282	0.008214	0.021159	0.001791	0.012187	0.011233	0.004680	0.005629	0.011572	-0.029383	-0.006035	-0.015929	-0.010952	0.007601	-0.024717	-0.026258	-0.025427	-0.041916	-0.019328	0.005265	-0.014492	-0.032182	0.015859	-0.000254	-0.054702	-0.040369	-0.039316	-0.024738	-0.013160	-0.018518	-0.024128	-0.047579	-0.028465	-0.021921	0.000796	-0.038890	-0.033824	-0.020918	-0.010896	-0.015588	-0.034521	-0.023353	-0.000753	-0.003985	0.008025	-0.004433	0.010897	0.017253	0.011858	0.013518	0.004647	0.002203	0.019275	0.026833	0.068427	0.578269	0.016401	0.045686	0.031367	0.031986	
0.032715	0.021736	0.030355	0.017306	0.010121	0.010036	0.014370	0.021102	0.007382	0.019698	0.024730	0.013998	0.025226	0.013435	-0.028762	-0.029588	-0.019488	0.022313	0.002799	-0.040136	-0.028688	-0.022322	-0.047847	-0.036442	0.011082	-0.021552	-0.020492	-0.007919	0.014938	-0.041205	-0.041217	-0.054283	-0.027845	-0.027902	-0.024901	-0.023959	-0.040181	-0.033041	-0.021978	0.006951	-0.049678	-0.020440	-0.027527	-0.027897	-0.027619	-0.022040	-0.010420	0.009469	0.004204	0.012147	0.005901	0.013664	0.002850	0.013044	0.008152	-0.002527	0.005535	0.029610	0.013221	0.039001	0.016401	0.525854	0.023038	0.021482	0.026958	
0.005071	0.003354	0.007116	0.005814	0.004502	0.004078	0.010107	0.021018	0.000182	0.011255	0.019112	0.001715	0.016106	0.010188	-0.035284	-0.017133	-0.009066	-0.002169	0.007686	-0.024293	-0.023236	-0.016645	-0.037538	-0.025003	-0.008430	-0.008646	-0.030403	0.019107	0.003107	-0.048066	-0.042543	-0.043862	-0.020360	-0.021208	-0.021144	-0.022461	-0.048510	-0.030074	-0.028952	0.000994	-0.045808	-0.033965	-0.021285	-0.020412	-0.028154	-0.030257	-0.029706	0.006788	0.012592	0.008223	0.002203	0.020584	0.002653	0.011944	0.011457	0.005523	-0.003585	0.027380	0.041941	0.032931	0.045686	0.023038	0.598715	0.038342	0.037041	
0.013907	0.019081	0.031089	0.013973	0.012097	0.012237	0.014199	0.012234	0.006421	0.003262	0.015072	0.005356	0.014437	0.008746	-0.016169	-0.018349	-0.014123	0.003166	0.003307	-0.029124	-0.018014	-0.025881	-0.043612	-0.014698	0.006280	-0.018108	-0.021340	0.013937	-0.001498	-0.048040	-0.044437	-0.041690	-0.017623	-0.026943	-0.020101	-0.028083	-0.058763	-0.028015	-0.014693	0.002149	-0.051430	-0.035746	-0.024421	-0.026034	-0.011749	-0.032151	-0.022338	-0.004030	0.007874	0.017060	-0.001159	0.013494	0.009570	0.007339	0.014081	0.000014	0.002992	0.024470	0.027735	0.020532	0.031367	0.021482	0.038342	0.561996	0.030064	
