0.591296	0.040446	0.011026	0.012770	-0.016742	-0.025591	-0.006979	0.019704	-0.006014	-0.012173	-0.002526	-0.004174	-0.006904	0.004162	-0.004720	-0.000041	-0.012611	-0.007489	0.008006	-0.010550	0.004008	0.012427	0.003961	-0.009132	0.005101	0.002070	-0.004389	-0.004822	-0.009191	-0.015951	0.005866	-0.014827	0.001410	0.013169	-0.006399	0.001330	0.010838	0.013402	-0.010260	-0.005541	-0.009245	-0.014570	-0.006579	-0.017511	-0.011729	-0.017910	-0.011464	-0.000447	-0.015896	-0.005157	-0.014289	0.004540	-0.002752	0.004020	-0.007555	-0.011097	-0.016536	0.007336	-0.019938	0.002499	-0.009084	0.005525	-0.006464	-0.013783	-0.013714	-0.011062	-0.012727	-0.017495	-0.003769	-0.019043	-0.011936	0.011616	-0.007037	0.011647	-0.001082	-0.005950	-0.010149	0.003954	-0.016546	-0.003445	0.012081	-0.010046	-0.002077	0.023279	0.040684	-0.013314	-0.016066	-0.008040	
0.040446	0.543414	-0.004591	0.003952	-0.014310	-0.008571	-0.001952	0.002850	-0.011247	-0.007516	-0.009737	-0.000877	-0.003359	0.005976	0.000802	0.000784	-0.012158	0.012868	-0.011938	-0.002308	-0.004316	-0.003191	0.002684	-0.005711	0.011612	0.008087	-0.006902	-0.004368	-0.002803	-0.005854	-0.009257	-0.006461	0.015339	-0.000718	0.005428	0.009449	0.003009	-0.009757	-0.004614	-0.001749	-0.002487	-0.006328	-0.019353	-0.018788	-0.020053	-0.012882	-0.002974	0.006683	-0.002461	-0.005940	-0.010126	-0.015404	-0.014414	-0.004798	-0.016003	0.003945	-0.010025	0.008160	-0.001064	-0.009162	-0.008259	0.002888	-0.007246	-0.016296	-0.020801	-0.015553	-0.011778	-0.007645	-0.005912	-0.020320	0.001251	-0.003383	-0.000155	0.003076	-0.004831	-0.011183	-0.012167	-0.010303	-0.005708	-0.004598	0.006477	-0.010210	-0.007557	0.048458	0.060052	-0.010264	-0.013140	-0.002147	
0.011026	-0.004591	0.673231	0.012732	-0.016903	-0.002016	-0.009490	0.065654	-0.000613	-0.010851	-0.006396	-0.014473	-0.016584	0.003135	-0.010321	-0.011081	-0.006715	0.000261	0.003517	-0.025300	-0.019272	0.012760	-0.005843	-0.011642	-0.009896	-0.009465	-0.016913	-0.007703	-0.007127	-0.012774	0.000883	-0.016966	-0.008889	0.017458	-0.013484	-0.011194	-0.007496	0.015466	-0.017344	-0.002983	-0.007058	-0.013000	-0.018485	-0.009514	-0.009789	-0.014240	-0.011007	0.037221	-0.017046	-0.010140	-0.007033	0.020821	-0.010579	0.010164	-0.004379	-0.010146	-0.016451	-0.000120	-0.014907	-0.001742	-0.009740	0.027739	-0.021831	-0.009741	-0.010167	-0.009864	-0.010910	-0.002697	-0.002077	-0.021306	-0.012097	0.046688	-0.007446	0.025826	-0.008785	0.002048	-0.010557	-0.001399	-0.017450	0.031874	0.049749	-0.015894	-0.009408	-0.007047	-0.004601	-0.017184	-0.024016	-0.007460	
0.012770	0.003952	0.012732	0.570426	-0.006630	-0.003858	-0.007005	0.007069	-0.005298	-0.003915	-0.007126	-0.000614	-0.010267	0.003272	0.000447	-0.013294	-0.003859	-0.000097	-0.006607	-0.002540	-0.003311	-0.015538	-0.001380	-0.004830	0.013606	0.007361	-0.011461	-0.001015	-0.005754	-0.002995	-0.003307	-0.005086	0.007566	-0.000085	-0.004446	0.007362	0.003890	-0.009000	-0.010903	-0.002476	-0.010507	-0.011133	-0.010684	-0.015188	-0.011260	-0.005944	-0.010747	0.014857	-0.011347	-0.002339	-0.017528	-0.012174	-0.015140	-0.010840	-0.014009	-0.014213	-0.010133	-0.009132	0.001672	-0.006427	-0.008120	0.035911	-0.011310	-0.009605	-0.004097	-0.003422	-0.016337	-0.013935	-0.006144	-0.008065	-0.016535	0.025808	-0.009658	0.004081	-0.011739	-0.011909	0.002436	-0.006208	-0.011379	0.033246	0.027633	-0.001665	-0.008159	0.004339	0.003447	-0.001966	-0.004841	-0.002131	
-0.016742	-0.014310	-0.016903	-0.006630	0.549056	-0.000609	0.001313	-0.004888	-0.002543	0.018001	0.003418	-0.018010	-0.018144	-0.015608	-0.001867	-0.010416	-0.008151	-0.011559	-0.013619	-0.000527	-0.013784	-0.016121	-0.009504	0.001757	-0.008859	-0.002123	0.003162	-0.003452	0.023209	-0.001353	0.007607	-0.006534	-0.002165	-0.003140	0.000657	-0.006078	-0.006830	-0.015393	0.004832	-0.003553	0.011039	0.004973	0.015807	0.004875	-0.000346	0.001261	0.004741	-0.003528	-0.003153	-0.004035	-0.000309	-0.013870	-0.001012	-0.023414	-0.014345	0.014627	0.017717	-0.013176	0.020868	-0.008617	-0.013648	-0.010784	0.009246	0.005389	0.002861	0.009222	0.009907	0.019603	-0.006108	-0.000118	-0.006981	-0.016808	0.003605	-0.002313	-0.007253	-0.011627	0.008528	-0.008027	0.015730	-0.015797	-0.017702	0.005911	-0.007877	-0.026903	-0.021984	-0.000076	0.001251	-0.006423	
-0.025591	-0.008571	-0.002016	-0.003858	-0.000609	0.573000	0.024978	-0.004341	0.034473	-0.006177	-0.015939	-0.007079	-0.016855	-0.012342	0.000657	-0.002699	-0.014528	-0.004337	-0.008251	-0.011354	-0.017194	-0.016192	-0.013902	0.012688	-0.004109	0.005223	0.015576	0.029855	-0.011725	0.020086	-0.006805	0.025289	0.001719	-0.005808	-0.001516	-0.004542	-0.009746	-0.017072	-0.004882	-0.000658	0.001201	-0.005731	-0.018509	-0.012752	-0.014387	-0.011667	-0.002872	-0.004094	0.027187	0.027171	0.027682	-0.003928	-0.009490	-0.013349	-0.006505	-0.013013	-0.012642	-0.008055	0.002006	0.021228	0.055881	-0.010114	-0.002446	0.002597	-0.003515	-0.012484	-0.003517	-0.004328	-0.015328	-0.006495	-0.005569	-0.012429	-0.006357	-0.017343	-0.012146	-0.007866	-0.010705	-0.011437	-0.004493	-0.011419	-0.012953	-0.007388	-0.009061	-0.011645	-0.011177	-0.003362	-0.013655	0.000923	
-0.006979	-0.001952	-0.009490	-0.007005	0.001313	0.024978	0.573270	0.001289	0.020818	0.002668	-0.007836	-0.013069	-0.010607	-0.008565	0.004928	-0.010049	-0.005188	-0.021701	-0.005340	0.002436	-0.010327	-0.018103	-0.024096	-0.008755	-0.017022	-0.010534	0.020589	0.023989	-0.000037	0.026211	-0.012795	0.013860	-0.005754	-0.015012	0.003002	-0.009667	-0.011409	-0.011194	0.000501	-0.010109	0.003370	-0.003314	-0.005955	0.003263	-0.000968	-0.004306	0.001275	0.001166	0.029604	0.032059	0.009947	-0.033654	-0.012637	-0.025520	-0.018429	0.010790	-0.002067	-0.008112	-0.002995	0.075443	0.023806	-0.012519	-0.006829	-0.012912	-0.005426	-0.015136	-0.002460	0.002538	-0.009574	0.001361	-0.014155	-0.015205	-0.002086	-0.015050	-0.015540	-0.011136	-0.005569	-0.018540	0.001138	-0.013082	-0.012391	-0.007568	-0.017277	-0.007251	-0.000107	-0.007992	0.001742	-0.012361	
0.019704	0.002850	0.065654	0.007069	-0.004888	-0.004341	0.001289	0.642421	-0.006276	-0.000937	0.004630	-0.006413	-0.011615	-0.004135	-0.012028	-0.020329	-0.013244	0.004365	-0.014384	-0.015386	-0.015539	0.013402	-0.014225	-0.011742	0.003356	0.001809	-0.013798	-0.011017	0.000314	-0.007311	0.010674	-0.014594	0.001396	0.015627	-0.005177	-0.007709	0.005755	0.014748	-0.008419	-0.019277	-0.016924	-0.018045	-0.008571	-0.011962	-0.010136	-0.010754	-0.011601	0.028096	-0.015168	-0.006655	-0.008122	0.007864	-0.011296	0.003265	0.000590	-0.003199	-0.014820	0.024011	-0.013152	0.003845	-0.010210	0.030854	-0.012535	-0.008728	-0.014717	-0.009592	-0.011133	-0.014542	-0.011819	-0.006447	-0.018131	0.019638	0.005064	0.018185	-0.018651	-0.009302	-0.017951	-0.018807	-0.017302	0.028313	0.019485	-0.004250	-0.008643	-0.000471	-0.007544	-0.018520	-0.020036	-0.020540	
-0.006014	-0.011247	-0.000613	-0.005298	-0.002543	0.034473	0.020818	-0.006276	0.568971	-0.006628	-0.010827	-0.009261	-0.003955	-0.014771	0.004410	-0.003644	-0.000514	-0.007013	-0.001779	-0.004635	-0.002563	-0.009349	0.000111	-0.002721	-0.015068	-0.001038	0.018958	0.028910	-0.010445	0.023715	-0.011707	0.022366	-0.002688	-0.014665	-0.009755	-0.005858	-0.008095	-0.010105	0.002950	-0.002963	0.003470	-0.014835	-0.018836	-0.018395	-0.001981	-0.003588	-0.008268	-0.005905	0.031681	0.016706	0.028591	-0.007593	-0.007963	0.006598	-0.001022	-0.007901	-0.000360	0.011397	-0.005121	0.021643	0.048383	-0.015386	-0.006977	-0.011205	-0.003348	-0.009473	-0.007305	-0.016647	-0.017263	-0.009047	-0.009111	-0.016959	-0.015956	-0.010747	-0.006169	-0.007822	-0.008931	-0.017698	-0.011001	-0.014960	-0.012909	-0.008581	-0.005927	-0.012096	-0.011257	-0.016052	-0.017815	-0.005215	
-0.012173	-0.007516	-0.010851	-0.003915	0.018001	-0.006177	0.002668	-0.000937	-0.006628	0.533704	0.004772	-0.010598	-0.007517	-0.017221	-0.005952	-0.004858	-0.006426	-0.012554	-0.018446	0.002063	-0.015273	-0.011058	-0.008520	-0.009251	-0.002683	-0.010782	-0.003272	0.001611	0.019000	0.003957	0.005871	-0.003325	-0.001923	-0.008832	-0.002068	0.004919	-0.013265	-0.010083	0.003714	-0.010234	-0.001947	0.004349	0.006282	0.006476	-0.009252	0.000638	0.003376	0.001412	-0.011070	-0.007502	-0.003158	-0.009796	-0.009300	-0.020948	-0.021397	0.005226	0.030074	-0.010091	0.036192	-0.005656	-0.003022	-0.007575	0.009364	0.005136	0.011510	0.008104	0.000382	0.008965	0.017127	0.005439	-0.011313	-0.014588	-0.008516	-0.003184	-0.019374	-0.025355	0.005803	-0.017181	0.014982	-0.013701	-0.012269	0.008378	-0.007017	-0.008612	-0.017292	0.007089	0.004460	-0.012734	
-0.002526	-0.009737	-0.006396	-0.007126	0.003418	-0.015939	-0.007836	0.004630	-0.010827	0.004772	0.606165	-0.005031	-0.013200	-0.017834	-0.018187	-0.024634	-0.015075	-0.012179	-0.031051	-0.015240	-0.007975	-0.004130	-0.009011	-0.003560	-0.000701	-0.003484	0.003532	-0.004319	-0.001147	-0.013841	0.017866	0.008052	-0.001548	-0.014762	-0.021102	-0.004595	-0.000033	-0.010820	0.009158	-0.005656	-0.006146	0.013625	0.006781	0.014021	-0.006899	0.021905	0.001031	-0.006125	-0.006986	-0.016893	-0.005379	-0.010657	-0.021658	-0.015257	-0.004827	0.002510	0.003746	-0.008603	-0.003611	-0.009608	-0.011177	-0.006335	0.001086	0.001431	0.011514	0.010086	0.004095	0.012060	0.012805	0.008905	-0.007477	-0.011246	-0.009254	-0.004910	-0.008367	-0.009279	0.008651	-0.012850	0.003613	-0.001582	0.001582	0.013204	-0.009115	-0.001066	-0.001711	0.016983	0.025233	-0.012853	
-0.004174	-0.000877	-0.014473	-0.000614	-0.018010	-0.007079	-0.013069	-0.006413	-0.009261	-0.010598	-0.005031	0.700204	0.045234	-0.000197	-0.013159	0.004995	-0.004855	0.000267	0.011559	-0.009965	0.013495	-0.001575	-0.004107	-0.000016	0.002101	0.000555	-0.012457	-0.016722	-0.016146	-0.006958	-0.014688	-0.004969	-0.010243	-0.003182	-0.007421	-0.004265	-0.016763	-0.003196	-0.009303	-0.012496	-0.011503	-0.014355	0.003402	-0.009014	-0.012132	-0.018808	-0.001977	-0.006042	-0.023964	-0.009269	-0.013085	0.060881	0.038506	0.047009	0.016148	-0.030044	-0.011006	-0.006295	-0.006989	-0.016942	-0.004048	-0.017502	0.007103	-0.007634	-0.012139	-0.002811	-0.005465	-0.012335	-0.023582	-0.004364	0.007812	-0.007701	0.004922	-0.009525	0.006674	0.010584	-0.015373	0.001697	-0.012623	-0.014480	-0.010945	-0.010326	0.019773	-0.015571	0.001957	-0.005681	-0.014615	0.005650	
-0.006904	-0.003359	-0.016584	-0.010267	-0.018144	-0.016855	-0.010607	-0.011615	-0.003955	-0.007517	-0.013200	0.045234	0.693984	-0.000948	-0.008348	0.010301	-0.008203	-0.014702	0.006604	-0.006884	0.022386	0.006698	0.004661	-0.019187	-0.010271	0.001657	-0.017783	-0.009932	-0.010716	0.006383	-0.016057	-0.011778	-0.007409	-0.010609	-0.009779	-0.012805	-0.014300	-0.002093	-0.014752	-0.001009	-0.010771	-0.010161	-0.005756	-0.008282	-0.005837	-0.006455	-0.010022	-0.000984	-0.016062	-0.009774	-0.000732	0.052464	0.030584	0.053675	0.029119	-0.027828	-0.019422	-0.006305	-0.018496	-0.014480	-0.010239	-0.003418	-0.014789	0.003730	-0.010789	-0.007519	-0.017590	-0.008265	-0.017410	-0.010060	0.019423	0.004775	0.001822	-0.002365	0.009879	0.014035	-0.015754	0.009846	-0.006451	-0.011646	-0.001436	-0.016640	0.009255	0.002344	-0.011157	-0.010636	-0.019446	0.001684	
0.004162	0.005976	0.003135	0.003272	-0.015608	-0.012342	-0.008565	-0.004135	-0.014771	-0.017221	-0.017834	-0.000197	-0.000948	0.575062	0.047223	-0.010652	-0.001464	0.068685	-0.012618	-0.007810	-0.011301	0.011212	-0.000097	-0.002311	0.018720	0.010251	-0.010796	-0.015432	-0.013002	0.000265	-0.008824	-0.008995	-0.000299	0.012942	0.011918	0.001104	0.043867	0.013794	-0.005788	0.018216	-0.007864	-0.005030	-0.016942	-0.008342	-0.008741	-0.018631	-0.016882	-0.003887	-0.015628	-0.008845	-0.011177	-0.002362	-0.004338	0.000085	0.000749	-0.008974	-0.013425	-0.006242	-0.017320	-0.008235	-0.013637	0.000725	-0.014726	-0.005726	-0.013817	-0.014749	-0.012335	-0.010180	-0.012031	-0.018033	-0.007464	0.011019	-0.008747	0.010679	-0.006871	-0.004445	-0.003205	0.001997	-0.016278	-0.002311	-0.000878	-0.012621	-0.007371	0.011309	0.002628	-0.012180	-0.013325	-0.006659	
-0.004720	0.000802	-0.010321	0.000447	-0.001867	0.000657	0.004928	-0.012028	0.004410	-0.005952	-0.018187	-0.013159	-0.008348	0.047223	0.539284	-0.010757	-0.007503	0.051519	-0.003946	-0.005195	0.004789	-0.003358	-0.007126	-0.006620	0.012310	-0.002464	-0.004473	-0.007378	-0.009893	-0.008865	-0.008806	-0.007123	0.012699	0.011848	0.007857	0.003842	0.039311	0.011340	-0.010220	0.014526	-0.015140	-0.010945	-0.008147	-0.009066	0.007719	-0.008970	-0.007839	-0.004734	0.000091	0.001805	-0.002752	-0.018909	-0.005927	-0.014113	0.005959	-0.013901	-0.019588	-0.011663	-0.012975	-0.004385	-0.006696	-0.000246	-0.014584	-0.006450	-0.000323	-0.008921	-0.007000	-0.011274	-0.016216	-0.011215	-0.006457	-0.007506	-0.001435	-0.001541	0.001059	-0.015182	-0.010975	0.006713	-0.018238	0.004012	-0.001107	-0.012108	-0.000554	0.007000	0.000050	-0.014882	-0.009598	-0.002685	
-0.000041	0.000784	-0.011081	-0.013294	-0.010416	-0.002699	-0.010049	-0.020329	-0.003644	-0.004858	-0.024634	0.004995	0.010301	-0.010652	-0.010757	0.574073	-0.004307	-0.011053	0.078122	0.001957	0.069179	0.006267	0.068885	-0.003053	-0.011073	-0.006686	0.008118	-0.006284	-0.007192	-0.003691	-0.016241	-0.015795	-0.005739	-0.017098	-0.006255	0.003576	0.002453	0.002049	-0.011846	-0.006509	-0.006628	-0.024191	-0.022011	-0.017861	-0.000211	-0.023700	-0.010083	0.001799	-0.002523	0.001539	-0.013526	-0.001373	0.008395	-0.000409	-0.000240	-0.011199	-0.019977	-0.002286	-0.013117	-0.018249	-0.005849	-0.018932	-0.015096	-0.015987	-0.011715	-0.010794	-0.018269	-0.018215	-0.012402	-0.017291	0.020104	-0.021865	0.018080	-0.002919	0.025642	0.031777	-0.022737	0.030307	-0.009355	-0.002188	0.000729	-0.021275	0.031694	-0.011438	-0.006149	-0.018979	-0.034588	0.025112	
-0.012611	-0.012158	-0.006715	-0.003859	-0.008151	-0.014528	-0.005188	-0.013244	-0.000514	-0.006426	-0.015075	-0.004855	-0.008203	-0.001464	-0.007503	-0.004307	0.603653	-0.009036	0.003863	0.083217	-0.015341	-0.010754	-0.000058	0.026162	-0.006089	0.002749	-0.010757	-0.002165	-0.000106	-0.005753	-0.012988	-0.012047	-0.007430	-0.010012	-0.004361	0.001885	-0.004678	0.006292	-0.005749	-0.000288	0.017889	0.001315	-0.006889	0.006656	0.059168	-0.009938	0.001330	-0.007804	0.001101	-0.005591	-0.007800	-0.008875	0.002129	-0.004326	-0.012316	-0.007699	-0.010171	-0.007933	-0.004424	-0.005600	-0.011743	-0.010115	0.003487	-0.004822	-0.008832	0.000125	0.000314	-0.011253	-0.011250	0.003023	-0.004087	-0.009587	-0.010438	-0.014501	-0.010170	-0.010216	-0.008358	-0.003279	-0.004618	-0.018467	-0.009864	-0.010727	-0.002758	0.005290	-0.005121	-0.002993	-0.000923	-0.001922	
-0.007489	0.012868	0.000261	-0.000097	-0.011559	-0.004337	-0.021701	0.004365	-0.007013	-0.012554	-0.012179	0.000267	-0.014702	0.068685	0.051519	-0.011053	-0.009036	0.571477	-0.012773	-0.004379	-0.005892	-0.010330	-0.010142	0.002479	-0.009002	0.011456	-0.005017	-0.018183	-0.017236	-0.007801	-0.000448	-0.011251	0.018213	0.008585	0.016956	0.012323	0.049770	0.020191	-0.007550	0.023625	-0.005670	-0.011118	-0.001026	-0.003675	-0.005929	-0.007165	-0.010855	0.002757	-0.002801	-0.002447	-0.000329	0.001316	-0.002391	-0.011937	-0.011274	-0.000351	-0.016175	-0.005655	-0.014137	-0.015066	-0.001800	0.002425	-0.014509	-0.008724	-0.006554	-0.006003	-0.012489	-0.015774	-0.014164	-0.015344	-0.010462	-0.005330	0.001483	0.000758	-0.011723	-0.016097	-0.004595	-0.007800	-0.013465	0.005570	0.000080	-0.018957	-0.008144	-0.001703	0.002474	-0.016661	-0.015087	-0.019052	
0.008006	-0.011938	0.003517	-0.006607	-0.013619	-0.008251	-0.005340	-0.014384	-0.001779	-0.018446	-0.031051	0.011559	0.006604	-0.012618	-0.003946	0.078122	0.003863	-0.012773	0.546921	0.000979	0.061278	0.009492	0.060119	-0.002424	-0.009702	-0.004944	-0.010909	-0.005778	-0.005450	-0.012580	-0.019815	-0.010220	-0.014258	-0.011030	-0.001916	-0.007786	0.002093	-0.002513	-0.018016	-0.000811	0.000059	-0.018122	-0.011986	-0.013770	-0.002672	-0.014787	0.000066	-0.000538	-0.000658	-0.002405	-0.006344	-0.002103	0.009148	0.005289	-0.009625	-0.009705	-0.020955	-0.002893	-0.012982	-0.009337	-0.007815	-0.008165	-0.017434	-0.014740	-0.011827	-0.007074	-0.008367	-0.014866	-0.013256	-0.006277	0.017519	-0.013571	0.017349	-0.012551	0.019225	0.025236	-0.014443	0.030566	-0.020594	-0.008234	-0.013477	-0.014464	0.024782	-0.016496	-0.009229	-0.013776	-0.028767	0.024876	
-0.010550	-0.002308	-0.025300	-0.002540	-0.000527	-0.011354	0.002436	-0.015386	-0.004635	0.002063	-0.015240	-0.009965	-0.006884	-0.007810	-0.005195	0.001957	0.083217	-0.004379	0.000979	0.569123	-0.005121	-0.012278	-0.010236	0.017962	-0.004770	-0.002484	-0.001897	-0.004926	-0.002124	0.011514	-0.013152	-0.003557	-0.004999	-0.013391	0.001162	-0.003348	-0.001010	0.001059	-0.011353	-0.006263	0.033301	-0.001693	0.000240	-0.005995	0.062589	-0.012204	0.004256	0.003034	-0.001041	0.002033	-0.004997	-0.017322	-0.011757	-0.021056	-0.012975	0.001780	-0.011448	-0.012919	0.007527	0.002519	-0.008693	-0.017820	-0.003354	-0.013887	-0.008873	-0.007210	-0.002075	-0.005483	0.002184	0.007062	-0.009443	-0.017787	0.000524	-0.019734	-0.011694	-0.003457	-0.010624	0.002243	0.007457	-0.009606	-0.016580	-0.004092	-0.002551	-0.006247	-0.003431	-0.009462	-0.014439	-0.000727	
0.004008	-0.004316	-0.019272	-0.003311	-0.013784	-0.017194	-0.010327	-0.015539	-0.002563	-0.015273	-0.007975	0.013495	0.022386	-0.011301	0.004789	0.069179	-0.015341	-0.005892	0.061278	-0.005121	0.574197	0.008708	0.065517	-0.008400	-0.014195	-0.022170	-0.002297	-0.009158	-0.010560	-0.003722	-0.018498	-0.010881	-0.009479	-0.003654	-0.008263	-0.009930	-0.007468	-0.007624	-0.008910	-0.006292	-0.009873	-0.006668	-0.013512	-0.010969	-0.011368	-0.010874	-0.007517	-0.002558	-0.010961	-0.011967	-0.004656	-0.002764	0.004655	0.009821	0.016418	-0.016175	-0.016052	0.000650	-0.015868	-0.001096	-0.012679	-0.007960	-0.018960	-0.010084	-0.008903	-0.022940	-0.006802	-0.015403	-0.014535	-0.011140	0.019455	-0.001498	0.017307	-0.001714	0.027342	0.028037	-0.022768	0.020016	-0.018905	-0.007658	0.000080	-0.009932	0.018312	-0.017898	-0.016688	-0.019752	-0.010636	0.019889	
0.012427	-0.003191	0.012760	-0.015538	-0.016121	-0.016192	-0.018103	0.013402	-0.009349	-0.011058	-0.004130	-0.001575	0.006698	0.011212	-0.003358	0.006267	-0.010754	-0.010330	0.009492	-0.012278	0.008708	0.628148	0.013978	-0.006904	0.008318	-0.002995	-0.011680	0.003217	-0.011166	-0.015948	0.012298	-0.008395	-0.012309	0.008721	-0.007756	-0.003859	-0.003376	0.008954	-0.015696	-0.008134	-0.007017	-0.008880	-0.007194	-0.011945	-0.004432	-0.022234	-0.013315	-0.020842	-0.010948	-0.010100	-0.002542	0.008870	0.008130	0.019229	0.009260	-0.015668	-0.002317	0.014632	-0.007078	-0.003556	0.001056	-0.012274	-0.009799	-0.006734	-0.019151	-0.014150	-0.015691	-0.011681	-0.021321	-0.009397	0.020704	-0.007048	0.008543	0.018820	0.019937	0.006663	-0.021767	0.009520	-0.016049	-0.025324	-0.010910	-0.011403	0.023517	-0.007501	-0.000852	-0.010468	-0.009140	0.009517	
0.003961	0.002684	-0.005843	-0.001380	-0.009504	-0.013902	-0.024096	-0.014225	0.000111	-0.008520	-0.009011	-0.004107	0.004661	-0.000097	-0.007126	0.068885	-0.000058	-0.010142	0.060119	-0.010236	0.065517	0.013978	0.579451	-0.006468	-0.000271	-0.000087	-0.004569	-0.001169	-0.020126	-0.006982	-0.010632	-0.006971	-0.013975	-0.005802	-0.007939	-0.014550	-0.003559	0.002343	-0.016250	-0.009800	-0.004604	-0.017593	-0.000330	-0.013117	-0.009560	-0.018214	-0.017701	-0.007921	-0.004084	-0.005584	-0.002106	-0.001203	0.004733	0.007797	-0.006499	-0.022279	-0.020178	0.011359	-0.011340	-0.015730	-0.006420	-0.011221	-0.012207	-0.019279	-0.018592	-0.009758	-0.001533	-0.028553	-0.013963	-0.023797	0.024725	-0.009951	0.018497	-0.002873	0.025441	0.027867	-0.010947	0.030230	-0.022166	-0.011289	-0.009609	-0.012946	0.019502	-0.011763	-0.005856	-0.014977	-0.021314	0.022315	
-0.009132	-0.005711	-0.011642	-0.004830	0.001757	0.012688	-0.008755	-0.011742	-0.002721	-0.009251	-0.003560	-0.000016	-0.019187	-0.002311	-0.006620	-0.003053	0.026162	0.002479	-0.002424	0.017962	-0.008400	-0.006904	-0.006468	0.558727	-0.008667	0.000171	0.001871	-0.000787	-0.010348	-0.000172	-0.004934	-0.004240	-0.003209	-0.010365	-0.002365	-0.008358	-0.012325	-0.004198	0.000822	-0.004102	0.026066	0.003435	0.005120	-0.002103	0.021975	-0.001142	0.001225	-0.015080	-0.003207	-0.005326	0.004210	-0.009845	-0.015160	-0.012838	-0.011309	-0.004713	-0.004590	-0.004824	0.003012	-0.008054	0.005335	-0.021594	0.000785	-0.006163	-0.009556	-0.010489	-0.000409	0.003353	-0.003073	-0.005613	-0.005058	-0.009692	0.006270	-0.013246	-0.004959	-0.008591	0.004641	-0.011296	-0.001880	-0.002006	-0.007126	-0.007124	-0.006325	-0.000625	-0.001765	-0.002232	0.005771	-0.000668	
0.005101	0.011612	-0.009896	0.013606	-0.008859	-0.004109	-0.017022	0.003356	-0.015068	-0.002683	-0.000701	0.002101	-0.010271	0.018720	0.012310	-0.011073	-0.006089	-0.009002	-0.009702	-0.004770	-0.014195	0.008318	-0.000271	-0.008667	0.659666	0.009829	-0.011589	-0.010291	-0.005017	-0.010293	0.004477	-0.020296	0.023633	0.024760	0.017184	0.019968	0.019215	0.008551	-0.006457	0.013839	-0.010388	-0.012621	-0.015633	-0.016181	-0.004465	-0.008421	-0.010751	0.000389	-0.009002	0.000005	-0.013082	-0.000558	-0.005502	0.002137	-0.004742	-0.011497	-0.001731	-0.004685	-0.014280	-0.017558	-0.006764	0.005990	-0.010449	-0.013812	-0.008675	-0.007506	-0.008924	-0.014557	-0.000461	-0.015734	-0.026924	0.005282	-0.004470	0.007909	-0.002471	-0.008946	-0.018461	-0.000278	-0.010642	-0.003227	0.002656	-0.007974	-0.009400	0.004706	-0.010279	-0.007904	-0.011398	-0.008811	
0.002070	0.008087	-0.009465	0.007361	-0.002123	0.005223	-0.010534	0.001809	-0.001038	-0.010782	-0.003484	0.000555	0.001657	0.010251	-0.002464	-0.006686	0.002749	0.011456	-0.004944	-0.002484	-0.022170	-0.002995	-0.000087	0.000171	0.009829	0.638150	-0.004976	0.000772	-0.003844	-0.001085	-0.006218	-0.012818	0.014051	0.012087	0.005994	0.017680	0.005800	-0.008943	-0.008498	0.003886	-0.003280	-0.016146	-0.008032	-0.010063	-0.009226	-0.018374	0.001548	0.001562	0.002679	-0.007723	-0.001277	0.016068	-0.010881	0.002691	-0.008266	-0.011190	-0.004514	-0.005367	0.000491	-0.010203	-0.012638	-0.001985	-0.012367	-0.007324	-0.013065	-0.002006	-0.014426	-0.015733	-0.010414	-0.011965	-0.002756	0.000397	-0.005893	-0.012923	-0.012054	0.001128	-0.006162	-0.006770	-0.012436	-0.009224	-0.005072	-0.003587	-0.016386	0.005014	-0.010095	-0.001168	-0.009483	-0.006031	
-0.004389	-0.006902	-0.016913	-0.011461	0.003162	0.015576	0.020589	-0.013798	0.018958	-0.003272	0.003532	-0.012457	-0.017783	-0.010796	-0.004473	0.008118	-0.010757	-0.005017	-0.010909	-0.001897	-0.002297	-0.011680	-0.004569	0.001871	-0.011589	-0.004976	0.519594	0.014711	-0.017968	0.011989	-0.002787	0.000255	0.000174	-0.007971	0.000895	-0.006705	-0.000535	-0.002175	-0.005809	-0.012340	-0.004300	-0.002825	-0.015109	-0.001811	0.000510	-0.001097	-0.019252	-0.005763	0.015258	0.015117	0.042579	-0.011407	-0.011653	-0.019468	-0.012500	-0.000218	-0.006770	-0.001812	-0.000528	0.014985	0.023677	-0.019571	-0.002137	-0.005871	-0.010994	-0.009826	-0.002218	-0.004267	-0.006860	0.011864	-0.000933	-0.015705	-0.005554	-0.009369	0.002874	-0.007310	0.002461	0.001729	-0.002082	-0.015066	-0.011902	0.006025	-0.003684	-0.015910	-0.004810	0.000285	-0.006423	0.000243	
-0.004822	-0.004368	-0.007703	-0.001015	-0.003452	0.029855	0.023989	-0.011017	0.028910	0.001611	-0.004319	-0.016722	-0.009932	-0.015432	-0.007378	-0.006284	-0.002165	-0.018183	-0.005778	-0.004926	-0.009158	0.003217	-0.001169	-0.000787	-0.010291	0.000772	0.014711	0.513166	-0.004431	0.019839	-0.001118	0.015276	-0.002855	-0.007044	-0.006585	0.000279	-0.009127	-0.016454	0.001546	-0.012897	-0.011409	-0.005112	-0.007753	-0.010527	-0.005857	-0.013893	-0.009547	-0.007432	0.029042	0.013201	0.017916	-0.016538	-0.011221	-0.006426	-0.000200	-0.001392	-0.005843	-0.002740	0.001017	0.014800	0.027571	-0.011103	-0.007144	-0.003213	-0.011427	-0.006673	-0.005247	-0.002350	-0.009394	-0.007360	-0.008289	-0.013665	-0.009695	-0.011780	-0.005841	-0.007495	-0.003658	-0.002907	-0.004122	-0.001529	-0.015549	-0.007512	-0.003127	-0.009543	-0.001658	0.002572	-0.008092	-0.003033	
-0.009191	-0.002803	-0.007127	-0.005754	0.023209	-0.011725	-0.000037	0.000314	-0.010445	0.019000	-0.001147	-0.016146	-0.010716	-0.013002	-0.009893	-0.007192	-0.000106	-0.017236	-0.005450	-0.002124	-0.010560	-0.011166	-0.020126	-0.010348	-0.005017	-0.003844	-0.017968	-0.004431	0.516211	0.003973	0.011325	-0.011222	0.009589	0.005771	-0.004649	0.008149	-0.002247	-0.005740	0.004224	-0.017018	-0.005517	0.007950	-0.007177	-0.001544	0.003991	0.001024	0.016495	0.001303	-0.002154	-0.017995	-0.010189	-0.010646	-0.018927	-0.016976	-0.021011	0.026010	0.016120	-0.005007	0.024587	-0.015283	-0.015616	-0.002985	0.012718	0.012074	0.018201	0.006636	-0.001210	0.013308	-0.002761	0.007433	-0.007218	-0.011853	-0.011839	0.000541	-0.018122	-0.010751	0.009651	-0.017166	0.018336	-0.012079	-0.009904	0.004067	-0.012441	-0.012676	-0.012703	-0.001426	0.002374	0.001128	
-0.015951	-0.005854	-0.012774	-0.002995	-0.001353	0.020086	0.026211	-0.007311	0.023715	0.003957	-0.013841	-0.006958	0.006383	0.000265	-0.008865	-0.003691	-0.005753	-0.007801	-0.012580	0.011514	-0.003722	-0.015948	-0.006982	-0.000172	-0.010293	-0.001085	0.011989	0.019839	0.003973	0.531451	-0.004954	0.020836	-0.005825	-0.017802	-0.003250	-0.001825	-0.008636	-0.016827	-0.001423	-0.019328	-0.000038	-0.006228	-0.017523	-0.010282	-0.008827	-0.007714	0.000340	-0.002242	0.021621	0.037305	0.019891	-0.012708	-0.015550	-0.011003	-0.003417	0.005033	-0.006711	-0.009542	0.001385	0.034330	0.025466	-0.013331	-0.009743	-0.000496	-0.011801	-0.001113	-0.007970	-0.000375	-0.005070	-0.006621	-0.008044	-0.017747	-0.012788	-0.012895	-0.014127	-0.003047	-0.001930	-0.018486	0.000202	-0.007218	-0.015799	-0.004671	-0.016111	-0.008804	-0.009820	-0.004107	-0.009702	-0.002665	
0.005866	-0.009257	0.000883	-0.003307	0.007607	-0.006805	-0.012795	0.010674	-0.011707	0.005871	0.017866	-0.014688	-0.016057	-0.008824	-0.008806	-0.016241	-0.012988	-0.000448	-0.019815	-0.013152	-0.018498	0.012298	-0.010632	-0.004934	0.004477	-0.006218	-0.002787	-0.001118	0.011325	-0.004954	0.619213	-0.009022	-0.002181	0.013410	-0.001954	-0.000653	0.004404	0.007462	-0.005691	-0.015436	-0.008757	0.003598	-0.006585	0.001768	-0.001845	0.004955	0.003613	-0.022458	-0.004528	-0.017155	0.000170	0.002062	0.000704	0.007476	0.000351	-0.003438	0.003114	0.001520	-0.017223	-0.021984	-0.015889	-0.012406	0.010467	0.005126	-0.002717	-0.005010	-0.002595	0.005865	0.003272	0.000361	-0.020348	-0.011507	-0.011493	0.019430	-0.008381	-0.015845	-0.000882	-0.002727	-0.006415	-0.005676	-0.007581	0.008121	-0.020379	-0.004789	-0.002343	0.013507	0.006305	-0.013609	
-0.014827	-0.006461	-0.016966	-0.005086	-0.006534	0.025289	0.013860	-0.014594	0.022366	-0.003325	0.008052	-0.004969	-0.011778	-0.008995	-0.007123	-0.015795	-0.012047	-0.011251	-0.010220	-0.003557	-0.010881	-0.008395	-0.006971	-0.004240	-0.020296	-0.012818	0.000255	0.015276	-0.011222	0.020836	-0.009022	0.582429	-0.001239	-0.021129	-0.013252	-0.014794	-0.015671	-0.014096	-0.016494	-0.004605	-0.006826	-0.008565	-0.000451	-0.002359	-0.006714	0.009234	-0.007808	-0.026956	0.052168	0.030270	0.010754	-0.006516	-0.005402	-0.009384	-0.005384	-0.003486	0.007517	0.002708	-0.001694	0.028901	0.026838	-0.006767	-0.001572	-0.005059	-0.004125	-0.002338	-0.003137	-0.012232	0.001246	-0.001418	-0.014214	-0.014151	-0.007338	-0.011030	-0.008676	-0.010330	0.000430	-0.009821	0.003428	-0.007331	-0.015788	-0.009358	-0.003366	0.006042	0.003543	0.004435	0.001188	-0.007599	
0.001410	0.015339	-0.008889	0.007566	-0.002165	0.001719	-0.005754	0.001396	-0.002688	-0.001923	-0.001548	-0.010243	-0.007409	-0.000299	0.012699	-0.005739	-0.007430	0.018213	-0.014258	-0.004999	-0.009479	-0.012309	-0.013975	-0.003209	0.023633	0.014051	0.000174	-0.002855	0.009589	-0.005825	-0.002181	-0.001239	0.504467	0.014764	0.022023	0.027775	0.015030	0.017223	-0.002853	0.008047	-0.003817	-0.013221	-0.017346	-0.006520	-0.000243	-0.010875	-0.012835	-0.004291	-0.005893	-0.008630	-0.013064	-0.014015	-0.013766	-0.023806	-0.012017	-0.006287	-0.004803	-0.008005	0.005023	-0.015438	0.000548	-0.003758	0.003291	-0.011322	-0.010017	-0.012557	-0.011254	-0.000816	-0.004646	-0.012625	-0.008238	-0.002365	-0.003958	0.000262	-0.000351	-0.012266	-0.007935	-0.008667	0.004335	-0.001849	0.007001	0.000822	-0.018159	0.001881	-0.005316	-0.001952	-0.013728	-0.012131	
0.013169	-0.000718	0.017458	-0.000085	-0.003140	-0.005808	-0.015012	0.015627	-0.014665	-0.008832	-0.014762	-0.003182	-0.010609	0.012942	0.011848	-0.017098	-0.010012	0.008585	-0.011030	-0.013391	-0.003654	0.008721	-0.005802	-0.010365	0.024760	0.012087	-0.007971	-0.007044	0.005771	-0.017802	0.013410	-0.021129	0.014764	0.583890	-0.001699	0.006525	0.016033	0.020698	-0.006054	0.002250	-0.008748	-0.008386	-0.011027	-0.003786	-0.012097	-0.011974	-0.008370	-0.008109	-0.016140	-0.014179	-0.014039	0.010353	-0.019439	0.004270	0.009260	-0.005284	-0.008869	0.018712	0.002194	-0.008872	-0.013902	-0.009184	0.003923	-0.009824	-0.010744	-0.005496	-0.004812	-0.002904	-0.009824	-0.002350	-0.008348	-0.004205	-0.013710	0.017337	-0.013442	-0.006441	-0.005448	-0.013350	-0.015184	-0.010983	0.000340	-0.000648	-0.006524	-0.001072	0.000879	-0.012569	-0.002217	-0.011499	
-0.006399	0.005428	-0.013484	-0.004446	0.000657	-0.001516	0.003002	-0.005177	-0.009755	-0.002068	-0.021102	-0.007421	-0.009779	0.011918	0.007857	-0.006255	-0.004361	0.016956	-0.001916	0.001162	-0.008263	-0.007756	-0.007939	-0.002365	0.017184	0.005994	0.000895	-0.006585	-0.004649	-0.003250	-0.001954	-0.013252	0.022023	-0.001699	0.502652	0.028001	0.025393	0.019303	-0.005223	0.003575	0.005186	-0.010893	-0.018850	-0.011733	-0.009660	-0.011267	-0.010631	0.006196	-0.003937	-0.005437	-0.007645	-0.012552	-0.020092	-0.011589	-0.017849	-0.004330	-0.002723	-0.001474	0.002653	-0.008536	-0.001451	-0.002048	-0.010329	-0.007387	-0.006082	0.002257	-0.002745	-0.001085	0.003863	-0.015490	0.000642	-0.006218	-0.003484	0.004568	-0.003710	-0.002520	-0.010057	-0.007575	-0.003474	-0.005950	-0.002910	0.002531	0.001229	0.014346	-0.005708	-0.010503	-0.016840	-0.012770	
0.001330	0.009449	-0.011194	0.007362	-0.006078	-0.004542	-0.009667	-0.007709	-0.005858	0.004919	-0.004595	-0.004265	-0.012805	0.001104	0.003842	0.003576	0.001885	0.012323	-0.007786	-0.003348	-0.009930	-0.003859	-0.014550	-0.008358	0.019968	0.017680	-0.006705	0.000279	0.008149	-0.001825	-0.000653	-0.014794	0.027775	0.006525	0.028001	0.489806	0.008892	0.006635	0.001641	0.005494	-0.004144	-0.005760	-0.022371	-0.005858	-0.010708	-0.017136	-0.007228	0.009228	-0.006963	-0.007227	-0.009188	-0.008779	-0.009025	-0.007568	-0.015806	0.007108	-0.001546	-0.003387	-0.003092	-0.017867	-0.001140	0.001354	-0.007421	-0.005221	-0.004657	-0.010782	-0.017268	-0.012888	-0.010042	-0.006401	0.000336	-0.005041	-0.000823	0.007971	-0.002780	-0.005670	-0.014196	-0.004049	0.000917	-0.002671	-0.005070	-0.005687	-0.003899	0.004891	0.000785	-0.004380	-0.016528	-0.005535	
0.010838	0.003009	-0.007496	0.003890	-0.006830	-0.009746	-0.011409	0.005755	-0.008095	-0.013265	-0.000033	-0.016763	-0.014300	0.043867	0.039311	0.002453	-0.004678	0.049770	0.002093	-0.001010	-0.007468	-0.003376	-0.003559	-0.012325	0.019215	0.005800	-0.000535	-0.009127	-0.002247	-0.008636	0.004404	-0.015671	0.015030	0.016033	0.025393	0.008892	0.527343	0.021211	-0.017162	0.015002	-0.008730	-0.018628	-0.016448	-0.019468	-0.004167	-0.008247	-0.021085	0.000439	-0.005367	-0.009092	-0.008828	-0.001249	-0.012127	-0.010299	-0.001106	-0.010458	-0.013301	0.003772	-0.007183	-0.001930	-0.001522	-0.002984	-0.019547	-0.016358	-0.000094	-0.017840	-0.016538	-0.014012	-0.014380	-0.011357	-0.005239	-0.011233	-0.010477	0.013399	0.006357	-0.009266	-0.012724	-0.006285	-0.013435	-0.001446	-0.000013	-0.005080	-0.001932	-0.004144	0.006090	-0.015394	-0.015056	-0.007895	
0.013402	-0.009757	0.015466	-0.009000	-0.015393	-0.017072	-0.011194	0.014748	-0.010105	-0.010083	-0.010820	-0.003196	-0.002093	0.013794	0.011340	0.002049	0.006292	0.020191	-0.002513	0.001059	-0.007624	0.008954	0.002343	-0.004198	0.008551	-0.008943	-0.002175	-0.016454	-0.005740	-0.016827	0.007462	-0.014096	0.017223	0.020698	0.019303	0.006635	0.021211	0.566279	-0.013238	0.026219	-0.002457	-0.017053	-0.014008	-0.012454	0.003960	-0.009515	-0.018027	-0.001694	-0.013929	-0.014688	-0.010344	0.000202	-0.014631	0.002526	-0.005218	0.001254	-0.013952	0.005594	-0.018342	-0.007279	-0.013916	-0.001780	-0.008577	-0.018863	0.004324	-0.006375	-0.000128	-0.020226	-0.008849	-0.009411	-0.012318	-0.006197	-0.000620	0.007309	-0.004678	-0.002994	-0.008429	-0.009532	-0.011489	-0.010503	-0.008204	-0.011664	0.003599	0.012018	0.007170	-0.015797	-0.017808	0.004435	
-0.010260	-0.004614	-0.017344	-0.010903	0.004832	-0.004882	0.000501	-0.008419	0.002950	0.003714	0.009158	-0.009303	-0.014752	-0.005788	-0.010220	-0.011846	-0.005749	-0.007550	-0.018016	-0.011353	-0.008910	-0.015696	-0.016250	0.000822	-0.006457	-0.008498	-0.005809	0.001546	0.004224	-0.001423	-0.005691	-0.016494	-0.002853	-0.006054	-0.005223	0.001641	-0.017162	-0.013238	0.529737	-0.015491	0.002562	0.015287	0.005599	0.006782	-0.008452	0.010587	0.004053	-0.000631	-0.000874	-0.007567	-0.003470	-0.010232	-0.015422	-0.018787	-0.004402	0.011342	0.005532	-0.013864	0.005469	-0.004979	-0.011369	-0.002818	0.018819	0.021019	0.019728	0.020155	0.009960	0.009766	0.013972	0.017613	-0.007298	-0.013540	-0.010064	-0.008564	-0.008189	-0.008112	0.015876	-0.015515	0.005769	-0.005236	-0.013940	0.014866	-0.017096	-0.014240	-0.007961	0.007024	0.006250	-0.013416	
-0.005541	-0.001749	-0.002983	-0.002476	-0.003553	-0.000658	-0.010109	-0.019277	-0.002963	-0.010234	-0.005656	-0.012496	-0.001009	0.018216	0.014526	-0.006509	-0.000288	0.023625	-0.000811	-0.006263	-0.006292	-0.008134	-0.009800	-0.004102	0.013839	0.003886	-0.012340	-0.012897	-0.017018	-0.019328	-0.015436	-0.004605	0.008047	0.002250	0.003575	0.005494	0.015002	0.026219	-0.015491	0.565920	0.004190	-0.001628	-0.003033	0.005196	-0.008183	-0.008060	-0.005693	0.000379	0.003474	-0.005444	0.003598	0.002523	0.006480	-0.003066	-0.005740	-0.011384	0.000608	-0.000739	-0.009716	-0.008172	0.001879	0.004867	-0.019237	-0.017284	0.008746	-0.009865	0.002193	-0.020130	-0.016789	-0.010057	-0.007772	0.000203	-0.013381	0.007157	-0.008539	0.003777	-0.016122	-0.000165	-0.009292	-0.004968	0.005984	-0.014660	-0.001374	0.006798	0.006647	-0.012240	-0.010418	-0.011170	
-0.009245	-0.002487	-0.007058	-0.010507	0.011039	0.001201	0.003370	-0.016924	0.003470	-0.001947	-0.006146	-0.011503	-0.010771	-0.007864	-0.015140	-0.006628	0.017889	-0.005670	0.000059	0.033301	-0.009873	-0.007017	-0.004604	0.026066	-0.010388	-0.003280	-0.004300	-0.011409	-0.005517	-0.000038	-0.008757	-0.006826	-0.003817	-0.008748	0.005186	-0.004144	-0.008730	-0.002457	0.002562	0.004190	0.592145	-0.008053	0.003399	-0.016805	0.035460	-0.004223	-0.004205	-0.004562	-0.001220	-0.000495	-0.003198	-0.005756	-0.004518	-0.011344	-0.006849	-0.005940	0.006175	-0.004938	-0.000440	0.000733	-0.000342	-0.007614	0.003020	-0.012705	-0.008433	-0.001825	0.010480	-0.000840	-0.004917	-0.000534	0.001133	-0.006468	-0.013748	-0.014596	-0.003342	-0.010806	0.000324	-0.021300	-0.000139	-0.009167	-0.013791	-0.003900	-0.002359	-0.013720	-0.010532	-0.006426	0.001577	-0.004861	
-0.014570	-0.006328	-0.013000	-0.011133	0.004973	-0.005731	-0.003314	-0.018045	-0.014835	0.004349	0.013625	-0.014355	-0.010161	-0.005030	-0.010945	-0.024191	0.001315	-0.011118	-0.018122	-0.001693	-0.006668	-0.008880	-0.017593	0.003435	-0.012621	-0.016146	-0.002825	-0.005112	0.007950	-0.006228	0.003598	-0.008565	-0.013221	-0.008386	-0.010893	-0.005760	-0.018628	-0.017053	0.015287	-0.001628	-0.008053	0.547359	0.004875	0.017925	-0.010289	0.018268	0.013465	-0.023979	-0.000115	-0.006932	-0.001352	-0.017385	-0.008977	-0.007149	-0.010071	0.008392	0.016799	-0.008408	-0.001190	-0.008671	-0.009622	-0.008983	0.004619	0.019676	0.010844	0.011765	0.011831	0.010401	0.003852	0.013303	-0.010372	-0.019952	-0.013262	-0.006322	-0.012375	-0.009702	0.035920	-0.012284	0.016542	-0.009793	-0.008978	0.033179	-0.021158	-0.010638	-0.012271	0.021134	0.030868	-0.010803	
-0.006579	-0.019353	-0.018485	-0.010684	0.015807	-0.018509	-0.005955	-0.008571	-0.018836	0.006282	0.006781	0.003402	-0.005756	-0.016942	-0.008147	-0.022011	-0.006889	-0.001026	-0.011986	0.000240	-0.013512	-0.007194	-0.000330	0.005120	-0.015633	-0.008032	-0.015109	-0.007753	-0.007177	-0.017523	-0.006585	-0.000451	-0.017346	-0.011027	-0.018850	-0.022371	-0.016448	-0.014008	0.005599	-0.003033	0.003399	0.004875	0.594404	0.019240	-0.003040	0.022179	0.023805	-0.012403	-0.008567	0.001430	-0.008690	-0.005933	-0.006179	-0.001755	-0.009004	0.008100	0.007729	-0.004497	0.003957	-0.001422	-0.015601	-0.006432	0.019656	0.016787	0.010799	0.008259	0.007830	0.015054	0.015675	0.037736	-0.019071	-0.006892	-0.011205	-0.013414	-0.016500	-0.008263	0.010161	-0.013071	0.007101	-0.014289	-0.009889	0.010016	-0.017371	-0.009570	-0.003168	0.012806	0.014381	-0.013074	
-0.017511	-0.018788	-0.009514	-0.015188	0.004875	-0.012752	0.003263	-0.011962	-0.018395	0.006476	0.014021	-0.009014	-0.008282	-0.008342	-0.009066	-0.017861	0.006656	-0.003675	-0.013770	-0.005995	-0.010969	-0.011945	-0.013117	-0.002103	-0.016181	-0.010063	-0.001811	-0.010527	-0.001544	-0.010282	0.001768	-0.002359	-0.006520	-0.003786	-0.011733	-0.005858	-0.019468	-0.012454	0.006782	0.005196	-0.016805	0.017925	0.019240	0.563284	-0.004454	0.032881	0.015839	-0.002690	-0.009733	-0.000478	-0.000708	-0.021687	-0.004625	-0.006630	-0.014867	0.013115	-0.005799	-0.007023	-0.004503	-0.009140	-0.011822	-0.009205	0.008476	0.022421	0.011734	0.013150	0.017172	0.014877	0.024522	0.006406	-0.012078	0.000101	-0.000750	-0.015692	-0.017295	-0.009059	0.001577	-0.012011	0.007790	-0.006925	-0.008335	0.000567	-0.015323	-0.009252	-0.015831	0.018810	0.022363	-0.016094	
-0.011729	-0.020053	-0.009789	-0.011260	-0.000346	-0.014387	-0.000968	-0.010136	-0.001981	-0.009252	-0.006899	-0.012132	-0.005837	-0.008741	0.007719	-0.000211	0.059168	-0.005929	-0.002672	0.062589	-0.011368	-0.004432	-0.009560	0.021975	-0.004465	-0.009226	0.000510	-0.005857	0.003991	-0.008827	-0.001845	-0.006714	-0.000243	-0.012097	-0.009660	-0.010708	-0.004167	0.003960	-0.008452	-0.008183	0.035460	-0.010289	-0.003040	-0.004454	0.565644	-0.009550	-0.010397	-0.009518	0.000500	-0.000877	-0.012110	-0.005767	-0.009598	-0.015435	-0.008838	-0.000512	-0.010031	-0.004208	-0.000328	-0.009044	-0.004062	-0.004164	-0.006263	-0.007401	0.002682	0.001749	-0.005355	-0.011360	-0.006535	0.001556	0.002482	-0.011424	0.009482	-0.011641	0.006042	-0.001669	0.000066	-0.001531	0.005165	-0.004357	-0.010712	-0.007991	-0.007562	-0.006314	-0.010296	-0.005325	-0.010302	-0.001534	
-0.017910	-0.012882	-0.014240	-0.005944	0.001261	-0.011667	-0.004306	-0.010754	-0.003588	0.000638	0.021905	-0.018808	-0.006455	-0.018631	-0.008970	-0.023700	-0.009938	-0.007165	-0.014787	-0.012204	-0.010874	-0.022234	-0.018214	-0.001142	-0.008421	-0.018374	-0.001097	-0.013893	0.001024	-0.007714	0.004955	0.009234	-0.010875	-0.011974	-0.011267	-0.017136	-0.008247	-0.009515	0.010587	-0.008060	-0.004223	0.018268	0.022179	0.032881	-0.009550	0.585424	0.024959	-0.013103	-0.014706	-0.004338	-0.007783	-0.012566	-0.024804	-0.018278	0.001299	0.014323	0.016178	-0.005197	-0.005273	-0.003852	-0.003938	-0.007502	0.013641	0.033519	0.010594	0.013122	0.012076	0.012376	0.028821	0.019606	-0.023232	-0.011177	-0.008567	-0.001503	-0.011389	-0.013290	0.013046	-0.013647	0.009121	-0.007818	-0.008610	0.009935	-0.018070	-0.005819	-0.013263	0.003082	0.016896	-0.015751	
