0.471378	0.006151	0.012502	0.007406	0.010351	0.010220	0.012683	-0.007607	-0.005859	-0.017694	0.012483	-0.002268	0.003337	-0.008739	0.012423	0.003580	-0.005647	-0.001918	0.004907	0.000914	0.003749	-0.004129	-0.000208	0.005984	0.001896	-0.007552	0.012235	-0.002745	0.009422	0.000621	-0.009940	0.003078	-0.002769	-0.000922	-0.000968	0.003478	-0.000560	-0.002771	-0.005990	-0.002528	-0.012701	0.002434	-0.005175	-0.000179	-0.001797	-0.017322	-0.003634	-0.013639	-0.011834	0.001658	0.000638	-0.002133	0.002239	-0.005184	-0.011014	-0.001680	-0.011510	-0.007486	-0.012172	-0.007583	-0.013272	0.001779	-0.007548	0.000081	-0.016420	0.006172	0.001160	-0.011853	0.005417	-0.009901	-0.010871	-0.003905	-0.001051	-0.008629	-0.010311	-0.011488	-0.004289	-0.002183	-0.000625	-0.020467	-0.000784	-0.007984	-0.010647	0.014129	0.007337	0.004292	-0.007057	-0.011464	-0.002559	0.014325	-0.013332	-0.002700	-0.016169	0.005724	-0.006407	0.001855	-0.014290	-0.008055	-0.001601	0.007475	0.001893	
0.006151	0.499327	-0.007460	0.011987	-0.006242	0.009989	0.000181	0.009245	-0.001037	-0.006135	0.002146	0.003516	0.040402	0.035303	-0.007779	0.003590	-0.002028	-0.011774	-0.015054	-0.010144	0.010977	-0.012782	-0.006214	-0.018790	0.010808	0.015797	-0.003155	-0.015007	-0.004284	-0.010919	0.000176	0.007659	-0.012624	0.003899	-0.001680	0.010465	-0.000310	-0.000355	-0.013199	-0.008053	-0.001623	0.002925	-0.002278	-0.001854	0.025402	-0.009373	-0.016617	0.000567	0.010313	-0.004108	-0.018121	-0.001161	-0.011707	0.023458	-0.013651	-0.006964	-0.004522	-0.000739	-0.017696	-0.017920	0.005986	-0.002542	0.015802	-0.001594	-0.014244	0.023265	-0.007734	-0.015693	0.001817	0.002861	-0.003643	-0.004136	-0.005854	-0.003326	-0.019445	-0.015810	-0.017272	-0.010113	-0.011924	-0.001208	0.000669	-0.009418	-0.003900	0.002589	-0.011181	-0.007248	-0.009213	0.003704	0.010925	0.004950	-0.013804	-0.013999	-0.018325	0.027149	-0.002547	-0.008000	-0.013077	-0.017670	-0.010495	-0.024036	0.006475	
0.012502	-0.007460	0.447254	-0.004760	0.013343	0.004309	0.007494	-0.007984	0.003871	0.003826	0.007054	-0.002164	-0.012439	-0.011762	0.000979	-0.009308	-0.013963	0.006127	0.010787	-0.000906	-0.000477	0.011135	0.005912	0.009939	-0.008346	-0.009373	0.019318	0.007947	-0.012370	0.005057	0.000030	0.009920	0.002630	-0.006352	0.001543	0.006711	0.011094	0.004312	-0.013103	-0.010845	0.001119	0.002539	-0.014213	-0.009458	-0.001211	-0.012405	-0.002807	-0.019309	-0.013654	-0.004975	-0.000460	0.003506	0.003066	-0.002433	-0.009225	-0.008553	-0.004908	-0.007140	-0.001239	0.007440	-0.002340	0.000921	-0.013940	-0.005830	0.002213	-0.020672	-0.001142	-0.011267	0.004559	-0.005466	-0.002104	-0.010538	-0.005518	-0.005637	-0.015500	-0.010661	0.003035	-0.010018	0.005736	-0.013866	-0.014635	-0.014135	0.002210	-0.012715	-0.006754	-0.009318	-0.002380	0.001393	-0.019297	0.001917	-0.009137	0.004383	0.004388	-0.005720	-0.005580	-0.007424	0.028164	0.007690	-0.005106	0.003971	0.012585	
0.007406	0.011987	-0.004760	0.460076	0.008247	0.017981	-0.005061	-0.006583	0.004550	-0.023648	0.008936	-0.006538	0.016633	0.028378	-0.005080	0.003402	-0.000532	0.006084	-0.008746	-0.009130	0.017767	-0.003345	-0.014823	-0.011519	0.022891	0.011037	-0.001177	-0.008698	-0.006397	-0.007738	0.001431	-0.006485	-0.020512	0.008283	0.001500	-0.009454	-0.000017	-0.005597	-0.018440	-0.005835	-0.002292	-0.007369	0.007158	-0.010223	0.015590	-0.010042	-0.008865	-0.000344	-0.006959	-0.014883	-0.012293	-0.011455	-0.005880	0.003540	-0.010471	-0.004746	0.004433	0.001720	-0.009704	-0.004394	-0.003105	-0.008505	0.011282	-0.007076	-0.005289	0.018024	-0.018990	-0.003369	-0.006552	-0.010321	-0.004313	-0.009859	-0.001952	-0.004236	0.001060	-0.012148	-0.014814	-0.001399	-0.002247	-0.001878	-0.008663	-0.007922	-0.017322	0.026944	-0.001985	0.001226	0.001667	0.004238	0.008812	-0.013766	-0.003164	-0.010097	-0.000227	-0.012501	-0.002495	-0.001211	0.005503	-0.000775	-0.007555	-0.014359	0.010377	
0.010351	-0.006242	0.013343	0.008247	0.435762	0.019001	0.001012	0.005264	0.002201	0.001434	-0.011700	0.005310	-0.006890	0.004133	-0.000691	0.016452	-0.023814	0.005901	0.010560	-0.005223	-0.010087	0.002968	-0.008270	0.012840	0.008752	-0.003824	0.003211	-0.010326	-0.020296	0.008440	0.013279	0.003678	-0.009146	-0.003691	0.025379	0.006725	0.019771	0.005288	-0.009961	-0.017808	-0.013063	-0.000815	-0.006259	-0.000541	-0.000956	0.003730	-0.016989	-0.006061	-0.017730	-0.006404	-0.000927	0.002799	0.005967	-0.009637	-0.010173	-0.009742	-0.017646	-0.018916	0.000700	0.001198	-0.008341	0.012967	-0.011760	-0.013275	-0.003548	-0.011514	0.002723	-0.005237	0.004092	-0.009782	-0.008346	-0.011726	0.002196	-0.007548	-0.005139	0.002346	-0.012832	-0.006876	0.001419	-0.019626	-0.007402	-0.008827	0.001984	0.004624	0.017803	-0.014597	0.002446	-0.017601	-0.011102	0.004338	-0.009122	0.005119	-0.013163	-0.014609	0.004781	0.000050	-0.009840	-0.002161	0.002368	-0.002752	0.015487	
0.010220	0.009989	0.004309	0.017981	0.019001	0.457374	0.018687	-0.001123	0.002070	-0.004232	0.001884	0.001329	0.004288	-0.006345	0.010487	-0.007981	0.004447	0.011544	0.005136	0.000902	0.019137	-0.007510	-0.003588	0.004288	0.000921	-0.000587	-0.006545	-0.017434	-0.003584	0.000609	0.006170	0.001141	-0.015052	-0.005265	0.022601	0.009000	0.011940	0.004917	-0.001430	-0.009759	-0.005254	-0.014902	0.007566	-0.006688	-0.001327	-0.007228	-0.006533	-0.010283	-0.013289	0.005496	-0.011405	-0.018266	-0.006916	0.000819	-0.003807	-0.021904	0.002916	-0.013754	-0.008815	-0.003746	-0.012563	0.006820	-0.007800	-0.009556	-0.005122	-0.000818	0.001148	-0.013549	-0.008069	-0.000048	-0.008477	-0.006564	-0.002747	-0.005273	-0.030535	-0.020403	-0.004301	-0.007248	0.008026	-0.009170	-0.003924	-0.003665	0.002094	-0.008260	-0.005668	-0.012322	0.000150	-0.009311	-0.019895	-0.002531	-0.007569	0.004988	0.002587	-0.008725	-0.005215	0.001122	-0.000827	-0.003977	0.007771	-0.005289	0.010784	
0.012683	0.000181	0.007494	-0.005061	0.001012	0.018687	0.476852	-0.003231	-0.003407	-0.016686	0.005069	-0.000779	-0.012498	0.009112	-0.018571	0.004829	-0.006323	-0.002354	-0.006116	0.005772	-0.014973	0.005541	0.006094	-0.002152	-0.012496	0.002839	0.000250	-0.012324	-0.007857	-0.005589	0.006227	0.009138	0.008826	-0.007614	0.016161	0.002801	0.008388	-0.000801	-0.014847	0.000886	-0.003753	-0.003055	-0.002964	-0.007352	-0.003436	0.006784	-0.004070	-0.008541	-0.000479	0.009884	0.000683	-0.001366	0.002525	0.001357	-0.012172	-0.003319	-0.008096	-0.014900	-0.000577	-0.001282	-0.010340	-0.002507	-0.011112	-0.001318	-0.010359	-0.004129	-0.010104	0.006479	-0.000313	0.004100	0.003852	-0.003619	0.008859	-0.004253	-0.019891	-0.001578	-0.006168	-0.008634	-0.013091	-0.013685	-0.015898	-0.004570	-0.002180	-0.010128	0.006661	-0.010821	0.003094	0.003980	0.003742	-0.004879	-0.009918	-0.016129	-0.024786	-0.008186	0.000135	-0.007724	-0.006304	-0.007529	0.013121	0.015702	0.017819	
-0.007607	0.009245	-0.007984	-0.006583	0.005264	-0.001123	-0.003231	0.519849	0.003011	-0.003772	0.001863	0.005879	-0.006561	0.000131	-0.006378	0.008840	-0.023967	-0.003877	-0.000420	-0.000563	-0.003503	0.026636	0.010105	0.003304	0.001381	-0.016489	0.005705	-0.013365	0.011554	-0.008796	0.001817	0.001600	0.017169	-0.011543	0.011030	0.004407	-0.003962	0.004414	0.001677	-0.000877	-0.018268	-0.009870	-0.016277	0.008209	-0.015545	-0.009175	-0.013051	-0.005011	-0.017160	-0.010647	-0.009261	0.004812	0.001002	-0.012917	0.010849	0.003099	-0.013708	0.008843	0.010653	-0.005451	-0.005365	-0.021353	0.002284	-0.007653	0.002315	-0.020088	0.003533	0.010973	-0.005685	0.008111	-0.005130	-0.014526	0.004209	-0.004091	-0.019007	0.005562	-0.011059	-0.005825	0.002470	0.000914	-0.010202	-0.009220	0.004478	-0.003710	0.004898	-0.017637	-0.009978	-0.005001	-0.004758	0.004426	-0.017215	-0.002011	-0.004894	-0.024145	0.005591	0.008078	0.003242	0.005145	0.000050	-0.003626	0.000416	
-0.005859	-0.001037	0.003871	0.004550	0.002201	0.002070	-0.003407	0.003011	0.489788	-0.002986	-0.005773	0.016771	-0.013475	-0.001249	0.006439	-0.000239	0.000881	-0.003090	-0.003483	-0.000017	-0.000551	0.005527	0.019554	-0.003369	-0.010585	-0.009206	0.007694	0.007151	0.003437	0.000652	-0.013037	-0.006516	-0.001775	0.008733	0.003876	0.011449	0.006930	-0.011643	-0.011252	0.005443	-0.008098	-0.016543	-0.007309	-0.004479	-0.007781	-0.003336	0.001691	-0.008555	0.005522	0.012516	-0.003422	-0.009561	-0.013130	-0.013575	0.011635	0.002682	0.010177	0.007223	-0.000591	0.000147	-0.013001	-0.010221	-0.009923	-0.005904	0.010801	-0.014971	-0.008675	-0.003881	0.005207	-0.005780	-0.006028	0.003826	-0.003426	-0.014854	0.009691	-0.004239	-0.003295	-0.015626	0.007828	-0.002390	-0.021206	0.004559	-0.007969	-0.007014	0.002556	-0.015166	-0.007026	0.002041	-0.004453	0.007137	0.012204	0.000700	-0.012289	-0.016381	-0.020572	-0.023619	-0.017627	0.016278	-0.007826	-0.013668	0.002406	
-0.017694	-0.006135	0.003826	-0.023648	0.001434	-0.004232	-0.016686	-0.003772	-0.002986	0.503563	0.013672	0.002289	-0.011355	-0.010678	0.003747	0.014153	-0.008789	-0.007707	-0.004972	-0.004153	-0.002762	0.011497	-0.003109	0.007895	-0.009427	-0.015988	-0.009435	0.008069	-0.010083	-0.004446	0.009295	-0.003193	0.001067	-0.014411	-0.004832	0.008035	0.002553	0.007561	0.001455	0.003714	0.002925	0.003623	0.001307	-0.001156	-0.005180	-0.011562	0.002608	-0.004991	-0.007757	-0.008703	-0.010445	-0.003350	0.006556	0.007313	-0.002366	-0.013003	0.000026	-0.008463	0.010672	0.007080	-0.001256	0.001765	-0.011652	-0.001137	0.006906	-0.014535	-0.013532	-0.001280	0.001553	-0.001735	-0.008960	0.006427	-0.001547	-0.004553	0.001465	-0.008134	-0.007912	-0.000272	-0.008579	0.005264	-0.015717	0.007161	0.009310	0.002084	-0.015295	0.005722	-0.003943	-0.011479	-0.007386	-0.004698	0.010715	-0.006564	-0.006559	-0.020758	0.002482	0.011466	-0.016710	0.019120	-0.006909	-0.004089	-0.002933	
0.012483	0.002146	0.007054	0.008936	-0.011700	0.001884	0.005069	0.001863	-0.005773	0.013672	0.552568	-0.002423	-0.008848	-0.006728	-0.004815	-0.003312	0.012245	-0.010735	-0.000782	0.002203	0.011294	0.010394	0.000359	-0.014142	-0.005959	-0.001451	-0.003078	-0.002900	-0.007817	-0.001940	-0.001913	-0.001890	-0.008217	0.002773	-0.008582	-0.005339	-0.006490	-0.000760	-0.011679	0.002611	-0.014059	-0.005902	-0.007736	-0.014530	-0.011336	-0.015071	0.000061	-0.003929	-0.018726	-0.014378	-0.013473	0.006856	-0.008503	-0.006783	-0.002747	0.001293	-0.004205	0.017865	0.003554	-0.003648	0.009431	-0.002947	-0.012515	0.003776	-0.011521	-0.009623	-0.013913	-0.001420	0.000931	-0.004522	-0.007176	-0.010316	0.001200	-0.003491	0.005174	0.009050	-0.004444	-0.020624	-0.011607	-0.005704	0.002189	-0.000198	-0.005508	-0.006237	-0.003886	0.007025	-0.007934	0.000412	-0.000308	0.001898	-0.006268	-0.007667	0.013272	-0.006943	-0.007043	-0.001187	0.000955	-0.002916	0.010756	-0.003989	-0.004758	
-0.002268	0.003516	-0.002164	-0.006538	0.005310	0.001329	-0.000779	0.005879	0.016771	0.002289	-0.002423	0.505112	0.012252	-0.006561	0.022541	0.006479	-0.004672	-0.002869	0.006844	-0.003645	-0.007066	-0.002673	0.001970	-0.003869	-0.007957	-0.006578	0.009360	0.006892	-0.015350	-0.003938	0.001381	0.004052	0.005424	0.017136	0.000247	0.016964	0.003783	-0.014790	-0.008384	-0.006125	-0.017020	-0.007900	-0.001554	0.001998	-0.015741	0.007232	-0.004825	-0.003522	0.005262	0.002151	-0.009937	-0.017761	-0.006411	-0.023700	0.015225	-0.016586	-0.001632	-0.001458	0.000352	0.008309	-0.000989	-0.005427	-0.013311	0.006108	0.001639	-0.025577	-0.024574	0.010055	-0.007324	-0.000987	-0.009175	0.008619	-0.019567	-0.010542	-0.007171	0.000555	-0.011736	-0.000005	-0.013365	-0.010109	0.000671	-0.004603	-0.002695	-0.010883	0.006387	-0.007245	-0.007767	0.004669	-0.008563	0.005434	-0.006823	-0.002207	-0.008698	-0.011107	-0.006876	-0.009442	-0.000803	0.007356	-0.003514	-0.011040	0.003830	
0.003337	0.040402	-0.012439	0.016633	-0.006890	0.004288	-0.012498	-0.006561	-0.013475	-0.011355	-0.008848	0.012252	0.587207	0.048852	-0.020939	-0.017029	0.013686	-0.010978	-0.001506	-0.024026	0.027654	-0.005489	-0.003974	-0.013904	0.015454	0.016593	-0.014630	-0.000737	-0.020572	-0.009642	0.007468	-0.013201	-0.000279	0.003733	0.000800	-0.005823	-0.015155	-0.015922	-0.019381	0.001886	0.012888	-0.007107	-0.001001	-0.013811	0.018739	-0.005689	-0.015340	-0.000322	0.010868	0.000297	-0.023100	-0.009508	-0.020777	0.017757	-0.008284	0.006825	-0.006854	-0.000184	-0.020269	-0.020975	-0.001158	-0.011612	0.037290	-0.000317	-0.002140	0.030558	-0.014638	-0.025484	-0.005568	-0.014390	0.005093	-0.003822	-0.011314	-0.007102	-0.007581	-0.005630	0.009510	-0.002099	-0.016903	-0.012925	-0.020431	-0.015119	-0.001902	-0.001668	-0.010385	0.014001	-0.024057	-0.013065	0.047091	-0.004601	-0.024798	-0.007910	-0.008146	0.042381	0.013889	-0.005761	-0.007228	-0.018799	-0.001759	-0.012894	-0.014144	
-0.008739	0.035303	-0.011762	0.028378	0.004133	-0.006345	0.009112	0.000131	-0.001249	-0.010678	-0.006728	-0.006561	0.048852	0.606275	-0.028443	-0.002156	-0.003443	-0.017039	-0.003717	-0.002657	0.019668	-0.010347	-0.004741	0.001210	0.026477	0.016066	-0.009382	-0.001263	-0.012677	-0.009687	0.010551	-0.004343	-0.022461	0.005853	-0.007667	-0.009718	-0.004131	-0.009470	-0.004748	-0.006580	0.006827	0.001269	-0.006340	0.005634	0.009791	0.005093	-0.017792	-0.007826	-0.018051	0.010599	-0.009911	0.009696	-0.003017	0.010253	-0.001351	0.003170	-0.002569	-0.016110	-0.017187	-0.024148	-0.007219	-0.009010	0.020402	-0.016724	-0.003629	0.032437	0.000476	-0.003152	-0.020050	-0.008660	0.002160	-0.000258	-0.011119	0.013786	-0.003776	-0.012894	-0.006416	-0.014897	-0.015264	-0.010323	-0.017830	-0.019976	-0.008443	-0.015910	-0.020055	-0.014197	-0.004613	-0.010223	0.033812	-0.011143	-0.019309	0.006482	-0.018537	0.021643	0.016009	-0.016875	0.000185	-0.029432	-0.008782	-0.010292	0.001450	
0.012423	-0.007779	0.000979	-0.005080	-0.000691	0.010487	-0.018571	-0.006378	0.006439	0.003747	-0.004815	0.022541	-0.020939	-0.028443	0.456564	-0.008184	-0.002733	0.001958	0.001324	-0.009165	-0.002962	0.000950	-0.001385	0.006010	0.007456	-0.004158	-0.008191	0.003537	0.001026	0.012197	-0.001011	0.004547	-0.008758	0.014263	0.020714	0.009760	-0.012565	0.002067	0.004864	-0.005630	-0.021337	-0.017029	0.010251	0.009472	-0.015245	0.000750	-0.000479	-0.003989	-0.001461	-0.010106	-0.005832	0.001022	-0.004953	-0.002752	0.000802	-0.019459	-0.016536	-0.001685	0.000126	-0.000098	0.001672	0.001324	-0.023162	-0.016255	0.010074	-0.013292	-0.011326	0.007423	-0.002497	0.006487	-0.009642	0.008392	-0.008484	-0.014618	0.004393	-0.009056	-0.010759	-0.002397	-0.000358	0.013245	0.006220	-0.012048	0.002854	-0.012312	-0.004427	0.018996	0.008850	0.009255	-0.021782	-0.010192	0.001131	0.002620	0.013934	-0.015664	-0.011674	-0.001006	0.008595	0.000393	-0.005425	-0.031478	0.002401	
0.003580	0.003590	-0.009308	0.003402	0.016452	-0.007981	0.004829	0.008840	-0.000239	0.014153	-0.003312	0.006479	-0.017029	-0.002156	-0.008184	0.490008	-0.003395	-0.001351	0.007158	-0.009828	-0.005308	0.012559	-0.003250	-0.012939	0.003907	0.004323	-0.000191	-0.005306	-0.009020	-0.005308	-0.005523	0.002923	-0.003405	-0.002280	0.004171	-0.005580	0.017331	-0.006776	-0.003257	-0.003886	0.000619	-0.000849	-0.007736	0.000628	-0.006042	-0.002078	-0.001142	0.006177	-0.005251	0.006556	-0.000720	0.004209	0.007137	-0.009670	-0.023681	0.000331	-0.002521	-0.005716	0.007644	-0.008460	-0.004284	0.006437	-0.013718	-0.014030	-0.000453	-0.011307	-0.013432	0.009167	0.003097	-0.002597	-0.022094	-0.000210	0.003606	0.005412	-0.011669	-0.005387	-0.019121	-0.007872	0.001867	-0.008591	-0.021391	-0.012470	-0.005508	0.019749	0.000926	0.001010	0.009391	0.002337	-0.002714	-0.003636	-0.018059	-0.007186	-0.005497	-0.013199	-0.005118	-0.015143	-0.006985	0.010799	-0.000794	-0.012651	0.007995	
-0.005647	-0.002028	-0.013963	-0.000532	-0.023814	0.004447	-0.006323	-0.023967	0.000881	-0.008789	0.012245	-0.004672	0.013686	-0.003443	-0.002733	-0.003395	0.508923	0.010356	0.017903	-0.000768	-0.005392	-0.029151	-0.009108	-0.010135	-0.004839	0.000390	-0.006530	-0.009480	-0.005975	-0.019829	0.001131	0.002839	-0.005654	0.007983	-0.012034	-0.015529	-0.005370	-0.010228	-0.000694	0.003249	-0.008848	0.012543	-0.012632	-0.014373	0.010236	-0.021170	0.005031	-0.002809	0.001403	-0.005077	-0.012834	-0.009349	0.002963	0.003480	-0.010290	-0.000475	0.015923	0.005750	-0.007357	-0.005656	-0.011826	-0.008324	-0.004177	-0.008820	-0.007996	0.015559	-0.004853	0.001624	-0.001799	-0.000274	-0.002207	0.010775	0.004485	-0.018492	0.014475	0.008726	-0.004046	0.007926	-0.000622	0.002634	-0.005835	0.006937	-0.015216	0.010041	-0.020813	0.001648	-0.010904	-0.002078	0.015249	0.003740	0.011694	0.002837	-0.006542	0.001396	-0.006645	-0.005120	-0.006106	0.013603	0.021741	-0.009365	-0.019038	
-0.001918	-0.011774	0.006127	0.006084	0.005901	0.011544	-0.002354	-0.003877	-0.003090	-0.007707	-0.010735	-0.002869	-0.010978	-0.017039	0.001958	-0.001351	0.010356	0.495925	0.005510	0.010179	-0.003588	0.000083	0.001839	-0.004963	0.006830	0.001231	-0.001840	-0.017301	-0.004172	0.009646	0.009431	-0.007388	0.004090	-0.013554	0.003485	0.005043	0.005336	-0.008906	-0.005628	-0.026228	-0.001270	-0.001294	-0.008903	-0.010885	-0.009616	-0.002764	0.000097	-0.017127	-0.008584	0.006351	-0.005015	-0.002733	0.009820	-0.013244	-0.001508	0.003494	-0.011147	-0.009049	0.015139	-0.002890	0.007301	0.002141	0.000033	-0.009182	-0.006914	0.003647	-0.000644	-0.009806	0.001929	0.004657	0.001522	0.007285	0.000514	-0.009951	0.006653	-0.011607	-0.006092	0.001067	-0.001225	0.000829	0.009202	0.001522	0.001505	-0.016308	-0.002407	-0.012670	0.006780	-0.007974	-0.011100	-0.012984	-0.006714	-0.007872	-0.014604	-0.010275	-0.000992	-0.001873	-0.004303	-0.000715	-0.007977	-0.015502	0.018858	
0.004907	-0.015054	0.010787	-0.008746	0.010560	0.005136	-0.006116	-0.000420	-0.003483	-0.004972	-0.000782	0.006844	-0.001506	-0.003717	0.001324	0.007158	0.017903	0.005510	0.490984	-0.011629	-0.004703	-0.002476	0.005295	0.005231	0.001624	-0.009508	0.003301	-0.007588	-0.004806	0.002275	0.019385	0.002565	0.015487	0.000250	0.010070	0.006334	-0.002516	-0.000877	-0.001690	-0.017237	-0.006957	0.004809	-0.013627	0.001715	0.005631	-0.018797	-0.002943	0.002932	-0.006090	-0.009201	0.002773	-0.002645	0.002449	-0.008825	-0.005992	-0.000508	-0.003600	-0.008960	-0.014368	-0.006171	0.001134	0.001748	-0.012391	-0.013906	-0.014766	-0.018883	-0.008015	-0.003462	-0.007607	0.000895	-0.002240	-0.004899	-0.014316	0.006258	-0.005530	-0.009594	0.008192	-0.004379	0.007525	-0.004136	-0.005868	-0.009940	-0.005625	0.004474	0.004178	-0.003438	0.001815	-0.004036	-0.012937	-0.009287	0.007330	-0.016205	-0.000320	-0.026549	0.001743	-0.000101	0.003966	-0.007846	-0.007407	-0.013730	0.006915	
0.000914	-0.010144	-0.000906	-0.009130	-0.005223	0.000902	0.005772	-0.000563	-0.000017	-0.004153	0.002203	-0.003645	-0.024026	-0.002657	-0.009165	-0.009828	-0.000768	0.010179	-0.011629	0.519286	-0.010862	0.003637	-0.000141	-0.001408	-0.007903	0.001898	-0.006947	-0.004603	0.002270	-0.001718	-0.015166	-0.002149	-0.001258	0.004678	-0.015819	-0.001749	-0.000975	0.001627	0.007070	0.000185	-0.012153	-0.004236	-0.001258	0.010715	-0.003896	-0.010037	-0.013432	-0.015016	-0.001661	-0.022337	-0.007717	-0.001585	0.022758	-0.001027	-0.004932	0.001996	-0.005427	0.012071	0.002091	0.011251	0.005081	-0.001042	-0.006278	0.003275	0.002175	-0.017101	0.009889	-0.013711	0.002837	-0.001894	-0.005751	-0.012019	0.000941	-0.004472	-0.008320	0.006384	0.009012	0.006787	-0.005130	-0.003317	-0.006733	0.004595	-0.011784	-0.002647	-0.006071	-0.005265	-0.007231	-0.002254	-0.021501	0.009579	0.001893	-0.008408	0.001462	0.000016	-0.005618	-0.000725	0.007192	0.005967	0.006646	-0.006654	-0.014402	
0.003749	0.010977	-0.000477	0.017767	-0.010087	0.019137	-0.014973	-0.003503	-0.000551	-0.002762	0.011294	-0.007066	0.027654	0.019668	-0.002962	-0.005308	-0.005392	-0.003588	-0.004703	-0.010862	0.529664	-0.001949	-0.010540	0.008645	0.005519	0.004011	0.000700	0.001119	0.004142	-0.020298	-0.007279	-0.007736	-0.000589	-0.006202	0.010596	-0.011426	-0.011855	0.008071	-0.004772	-0.007086	-0.008596	-0.018726	-0.009010	-0.017730	0.005195	-0.013218	-0.007228	0.007309	-0.015669	0.001672	-0.006326	-0.003321	-0.019402	-0.005411	-0.010759	-0.009125	0.000295	0.001191	-0.000849	0.001574	0.006954	-0.004463	0.017972	-0.010011	-0.008706	0.012442	-0.014225	-0.005101	0.000860	-0.019993	-0.006044	-0.011109	-0.002962	-0.002600	-0.008372	0.007054	-0.006681	0.000719	-0.005423	-0.012031	0.000914	-0.003398	-0.010873	-0.008956	-0.015748	-0.016146	0.003063	0.000581	0.002268	-0.003948	-0.015965	0.015601	0.018494	0.009829	0.009007	-0.001499	-0.012832	-0.015741	-0.004234	0.001715	-0.008198	
-0.004129	-0.012782	0.011135	-0.003345	0.002968	-0.007510	0.005541	0.026636	0.005527	0.011497	0.010394	-0.002673	-0.005489	-0.010347	0.000950	0.012559	-0.029151	0.000083	-0.002476	0.003637	-0.001949	0.490932	0.002034	-0.002121	-0.001397	-0.007717	0.002927	-0.000263	-0.011917	0.007675	0.008183	0.003394	-0.001971	0.002041	-0.006907	0.014141	0.003125	-0.005582	-0.003267	-0.011595	-0.011662	0.005398	-0.008949	-0.005396	-0.000517	0.000319	-0.008851	0.001355	-0.001170	-0.006206	-0.003136	-0.002056	-0.008513	-0.016177	-0.000110	-0.006175	-0.015043	0.003659	0.004748	-0.006304	0.002444	0.002818	0.001672	-0.018852	-0.004072	-0.002414	0.010620	-0.003595	-0.010147	-0.007178	0.000033	-0.005754	0.004319	-0.004703	-0.001573	-0.003231	-0.004453	-0.018950	0.007873	-0.006195	-0.003595	0.005567	0.003866	-0.003119	-0.010152	-0.011512	-0.022140	-0.008741	-0.007295	0.001889	-0.006519	0.004836	-0.003100	-0.022352	-0.007293	-0.004324	-0.002905	-0.005092	0.000159	-0.001832	0.002451	
-0.000208	-0.006214	0.005912	-0.014823	-0.008270	-0.003588	0.006094	0.010105	0.019554	-0.003109	0.000359	0.001970	-0.003974	-0.004741	-0.001385	-0.003250	-0.009108	0.001839	0.005295	-0.000141	-0.010540	0.002034	0.501324	0.003004	-0.003731	-0.006683	0.003480	-0.017275	0.006923	-0.000915	0.000555	0.005391	0.001951	0.007406	-0.004429	0.004347	0.000550	0.000505	-0.026776	0.001469	-0.014959	-0.011133	0.004597	-0.001235	-0.001649	-0.003941	-0.003967	-0.005070	0.000826	-0.002766	0.008485	-0.014738	0.004552	-0.009127	-0.010626	-0.002014	0.003075	0.007821	-0.010821	-0.015857	0.002997	-0.008179	-0.015100	-0.003862	-0.018919	-0.003545	-0.001339	0.001288	0.005565	-0.004460	0.010210	0.009958	0.003668	-0.012331	-0.008239	-0.000753	0.006687	-0.016953	-0.005530	-0.010454	-0.011464	-0.008558	-0.007853	-0.007138	0.014463	-0.018418	-0.009556	-0.006023	-0.002411	0.005329	0.003659	-0.005921	-0.017225	0.000578	-0.000725	-0.000403	-0.003314	0.008214	0.002396	-0.007536	0.009500	
0.005984	-0.018790	0.009939	-0.011519	0.012840	0.004288	-0.002152	0.003304	-0.003369	0.007895	-0.014142	-0.003869	-0.013904	0.001210	0.006010	-0.012939	-0.010135	-0.004963	0.005231	-0.001408	0.008645	-0.002121	0.003004	0.489036	0.004626	-0.006988	-0.001878	0.002873	0.003730	0.001186	-0.005525	-0.002133	0.000202	-0.000598	0.014274	0.000674	0.003614	0.001403	-0.005425	0.005496	0.001820	0.008774	0.000683	-0.003705	0.006468	0.002010	-0.001144	-0.004653	-0.025465	0.000057	-0.009384	-0.008305	-0.021017	-0.000289	0.001341	0.010675	-0.022735	-0.012455	0.000424	-0.014237	0.001248	0.007878	-0.010352	-0.006092	-0.004546	-0.014197	0.009424	-0.010807	-0.006049	-0.019202	0.003649	-0.011281	-0.000246	0.004447	-0.003972	-0.015736	0.007826	-0.010280	-0.008722	-0.000413	-0.001663	0.004130	-0.000217	0.001460	-0.002445	-0.010061	0.009148	-0.007290	-0.030868	-0.000992	0.005760	-0.002616	0.000998	-0.019216	-0.002955	-0.008889	0.000712	-0.004122	-0.009699	0.021274	0.007030	
0.001896	0.010808	-0.008346	0.022891	0.008752	0.000921	-0.012496	0.001381	-0.010585	-0.009427	-0.005959	-0.007957	0.015454	0.026477	0.007456	0.003907	-0.004839	0.006830	0.001624	-0.007903	0.005519	-0.001397	-0.003731	0.004626	0.537168	-0.001451	-0.008613	-0.010118	-0.019126	-0.002421	0.000011	-0.010792	-0.000517	0.003735	-0.004010	-0.003174	-0.010821	-0.007738	-0.022506	0.001648	0.003506	0.001558	-0.000036	-0.000093	0.013688	-0.002800	0.000061	0.004974	-0.006695	0.002946	-0.033203	-0.001566	-0.010909	0.005007	-0.002266	-0.001354	-0.000596	-0.014859	-0.001258	-0.000760	-0.001397	-0.004151	0.015878	-0.019564	-0.020424	0.032004	-0.009823	-0.008398	-0.006047	-0.004041	-0.015357	-0.004301	-0.006740	0.001081	0.004211	-0.011162	-0.015752	-0.006909	0.000183	-0.001854	0.000264	-0.014635	-0.008155	0.001703	-0.004608	-0.015833	-0.008655	-0.005363	0.000414	-0.010614	-0.015412	-0.006464	-0.009106	0.015916	0.001860	-0.001668	0.001436	-0.007488	-0.000072	-0.013613	0.008716	
-0.007552	0.015797	-0.009373	0.011037	-0.003824	-0.000587	0.002839	-0.016489	-0.009206	-0.015988	-0.001451	-0.006578	0.016593	0.016066	-0.004158	0.004323	0.000390	0.001231	-0.009508	0.001898	0.004011	-0.007717	-0.006683	-0.006988	-0.001451	0.530174	-0.006752	0.001848	-0.011972	0.004493	-0.021227	-0.003398	-0.009244	-0.006195	0.008438	-0.004682	-0.009442	-0.006600	-0.004765	-0.010206	0.013548	-0.012703	-0.002266	-0.010023	0.006887	-0.000698	-0.015884	0.008519	0.001181	-0.009870	0.000900	0.003904	-0.010252	0.022508	-0.012917	-0.000215	-0.005954	-0.009630	-0.009263	-0.005878	0.002630	-0.015283	0.006911	-0.010245	0.011754	-0.007040	0.003828	-0.008944	0.012897	-0.002662	0.001422	0.014163	-0.022926	-0.010052	-0.002349	-0.002323	0.004154	0.007223	0.018405	-0.020446	-0.007019	-0.001706	-0.005332	-0.008949	-0.003229	-0.002664	0.004514	0.003235	0.019840	-0.014287	-0.003205	0.001412	-0.013742	0.007671	0.005405	-0.008470	-0.003200	-0.006109	-0.025642	-0.014159	-0.009394	
0.012235	-0.003155	0.019318	-0.001177	0.003211	-0.006545	0.000250	0.005705	0.007694	-0.009435	-0.003078	0.009360	-0.014630	-0.009382	-0.008191	-0.000191	-0.006530	-0.001840	0.003301	-0.006947	0.000700	0.002927	0.003480	-0.001878	-0.008613	-0.006752	0.484204	0.002146	-0.011915	0.001903	-0.010583	-0.002619	-0.003171	0.003969	0.004164	0.000669	-0.003610	-0.002933	-0.003746	-0.002931	-0.000591	-0.009999	-0.007021	-0.011169	-0.000515	-0.001604	-0.001389	-0.008267	-0.012717	-0.005963	-0.004096	-0.001573	-0.004901	0.000669	-0.005401	-0.008339	-0.005656	0.002939	0.004509	0.006451	-0.004772	-0.005842	-0.000491	0.002565	-0.010807	-0.007464	-0.008146	0.006032	-0.005092	0.001245	0.008216	-0.005511	-0.007469	-0.011197	-0.007105	-0.001304	-0.012150	-0.008360	0.000657	0.003192	-0.013458	-0.001649	0.006756	-0.010094	0.000438	-0.003329	0.000240	-0.010423	0.001369	-0.003884	-0.007479	0.010853	0.000271	-0.001416	-0.010900	0.006265	-0.004586	-0.000277	-0.003207	-0.007605	0.007266	
-0.002745	-0.015007	0.007947	-0.008698	-0.010326	-0.017434	-0.012324	-0.013365	0.007151	0.008069	-0.002900	0.006892	-0.000737	-0.001263	0.003537	-0.005306	-0.009480	-0.017301	-0.007588	-0.004603	0.001119	-0.000263	-0.017275	0.002873	-0.010118	0.001848	0.002146	0.504649	0.011604	-0.001768	-0.005111	-0.014952	-0.008767	0.001019	-0.006245	-0.003724	-0.011612	-0.008770	0.000042	-0.006121	0.008250	-0.006692	-0.008767	-0.002569	-0.002743	-0.004072	-0.003857	-0.003517	-0.007967	-0.011560	0.008114	-0.006206	-0.021806	-0.006371	0.024133	0.007721	-0.002349	0.010336	0.001079	-0.009492	-0.007240	0.020804	-0.006328	-0.009527	0.004531	-0.011376	0.002379	-0.003896	-0.002747	-0.003388	-0.005320	0.005736	0.003297	0.003899	0.011361	0.005131	-0.000422	0.010105	-0.013361	0.002649	-0.002211	-0.002914	-0.010149	-0.001975	0.002301	0.005031	0.004269	-0.001342	-0.005911	-0.010202	0.015318	0.007423	-0.008453	-0.000274	0.001791	-0.000053	-0.009942	-0.005873	-0.011450	-0.009832	-0.006271	
0.009422	-0.004284	-0.012370	-0.006397	-0.020296	-0.003584	-0.007857	0.011554	0.003437	-0.010083	-0.007817	-0.015350	-0.020572	-0.012677	0.001026	-0.009020	-0.005975	-0.004172	-0.004806	0.002270	0.004142	-0.011917	0.006923	0.003730	-0.019126	-0.011972	-0.011915	0.011604	0.535510	-0.008610	-0.010028	0.011170	0.000752	-0.003898	-0.005628	0.003871	-0.023507	-0.007672	0.005712	0.005083	-0.006292	-0.017384	-0.004301	0.001417	-0.004772	0.004726	0.001812	-0.006509	0.014787	-0.000355	-0.004262	-0.015695	-0.006271	0.002427	0.008147	-0.002971	-0.007026	0.002291	-0.000470	-0.006709	-0.008548	0.001932	0.002470	0.003361	0.002742	0.001031	0.009734	0.010437	-0.001649	-0.010230	-0.018900	0.003947	-0.007395	0.005479	0.005722	-0.013982	0.003323	0.002060	-0.012744	0.001822	0.001774	0.001312	-0.010254	-0.001840	0.002437	-0.021301	0.001517	0.006734	-0.014197	0.014236	-0.011495	-0.006397	0.002751	-0.017704	0.012995	0.014760	-0.008122	0.007737	-0.000005	0.015327	-0.012391	
0.000621	-0.010919	0.005057	-0.007738	0.008440	0.000609	-0.005589	-0.008796	0.000652	-0.004446	-0.001940	-0.003938	-0.009642	-0.009687	0.012197	-0.005308	-0.019829	0.009646	0.002275	-0.001718	-0.020298	0.007675	-0.000915	0.001186	-0.002421	0.004493	0.001903	-0.001768	-0.008610	0.513783	0.005234	0.012957	0.002298	-0.004517	0.000250	0.005898	-0.001268	-0.006847	0.001484	-0.006604	-0.008596	-0.012710	-0.006123	0.001760	-0.011407	0.002182	-0.001935	-0.010497	-0.010616	0.001431	-0.002235	-0.005006	0.015728	-0.006614	-0.004022	-0.005997	-0.004517	-0.010599	0.003964	-0.009253	-0.005558	0.005162	-0.007052	-0.010011	-0.001968	-0.001994	-0.005563	-0.007988	-0.006840	-0.000984	0.008152	-0.004131	0.002813	-0.021849	-0.003078	-0.003533	-0.008365	-0.004093	0.002277	-0.007460	0.013667	-0.008210	-0.002693	-0.008715	0.012886	0.002863	-0.000546	0.003949	-0.017704	-0.003467	0.001360	0.004292	0.015606	-0.010142	-0.002542	0.003554	-0.012351	0.013615	-0.015302	-0.017294	-0.002664	
-0.009940	0.000176	0.000030	0.001431	0.013279	0.006170	0.006227	0.001817	-0.013037	0.009295	-0.001913	0.001381	0.007468	0.010551	-0.001011	-0.005523	0.001131	0.009431	0.019385	-0.015166	-0.007279	0.008183	0.000555	-0.005525	0.000011	-0.021227	-0.010583	-0.005111	-0.010028	0.005234	0.511482	0.014668	0.012431	0.003449	0.003163	0.012902	0.003571	-0.007302	0.000547	-0.027752	0.000333	-0.001616	0.001843	-0.003026	-0.002478	-0.007417	-0.007684	-0.001087	-0.002409	-0.008408	-0.012555	0.003683	-0.002292	-0.013084	0.009719	-0.013189	0.002727	-0.012017	0.001824	-0.015243	-0.002404	0.005429	-0.008229	-0.008541	-0.006754	-0.007502	-0.020455	-0.002187	0.002811	0.001689	0.002163	0.000466	0.002117	-0.012679	-0.006180	-0.007357	-0.011948	-0.001420	-0.007803	-0.000215	-0.007962	-0.010349	0.013455	-0.003636	-0.001525	-0.001923	-0.001964	-0.000596	-0.010940	-0.013306	-0.015698	-0.003140	0.005527	-0.015650	-0.009735	0.001896	-0.003422	-0.011383	0.001567	-0.011974	0.005303	
0.003078	0.007659	0.009920	-0.006485	0.003678	0.001141	0.009138	0.001600	-0.006516	-0.003193	-0.001890	0.004052	-0.013201	-0.004343	0.004547	0.002923	0.002839	-0.007388	0.002565	-0.002149	-0.007736	0.003394	0.005391	-0.002133	-0.010792	-0.003398	-0.002619	-0.014952	0.011170	0.012957	0.014668	0.498584	0.007883	-0.007114	0.000300	-0.001270	0.001429	-0.019069	0.002496	-0.001742	0.004207	-0.002795	-0.018344	0.003735	-0.011838	-0.000896	-0.015600	-0.008041	0.002668	0.001963	-0.010847	-0.007121	-0.000344	0.006429	-0.021296	0.001753	-0.007114	-0.013918	-0.003205	-0.006075	-0.004065	0.004971	-0.006040	0.000867	-0.003121	-0.017825	-0.013213	0.001446	-0.010159	-0.014409	0.007239	-0.006006	0.000938	-0.002550	-0.011931	0.005179	-0.003262	-0.004765	0.001124	-0.006928	-0.011307	-0.004551	0.006742	-0.005537	0.005236	0.001951	0.001188	0.007368	-0.014766	0.005727	-0.003162	-0.001432	-0.010330	-0.026935	-0.014042	-0.015405	0.003821	-0.004382	0.007847	0.007540	0.007492	
-0.002769	-0.012624	0.002630	-0.020512	-0.009146	-0.015052	0.008826	0.017169	-0.001775	0.001067	-0.008217	0.005424	-0.000279	-0.022461	-0.008758	-0.003405	-0.005654	0.004090	0.015487	-0.001258	-0.000589	-0.001971	0.001951	0.000202	-0.000517	-0.009244	-0.003171	-0.008767	0.000752	0.002298	0.012431	0.007883	0.494929	-0.002855	-0.001215	0.008042	0.006170	-0.003741	-0.011290	0.012624	-0.002121	-0.015860	-0.013363	-0.006924	-0.021294	0.005048	-0.002438	0.000309	-0.016172	0.008628	0.001593	0.005319	-0.001859	0.001064	-0.001156	0.006734	-0.001170	0.002613	0.003461	0.001553	-0.000286	-0.009537	0.003513	-0.002814	0.005469	-0.012362	-0.005585	-0.000551	0.000838	-0.023624	-0.002938	0.000178	-0.004667	-0.012005	-0.014890	-0.020639	-0.005018	-0.013018	-0.007128	0.000459	0.008833	0.009093	0.000655	-0.003684	0.005405	-0.014723	0.004245	-0.007622	0.000321	-0.009263	-0.009008	-0.014016	-0.001740	0.003070	0.002489	-0.005851	0.004952	0.003006	0.000076	0.000972	-0.005813	
-0.000922	0.003899	-0.006352	0.008283	-0.003691	-0.005265	-0.007614	-0.011543	0.008733	-0.014411	0.002773	0.017136	0.003733	0.005853	0.014263	-0.002280	0.007983	-0.013554	0.000250	0.004678	-0.006202	0.002041	0.007406	-0.000598	0.003735	-0.006195	0.003969	0.001019	-0.003898	-0.004517	0.003449	-0.007114	-0.002855	0.489321	0.000390	0.016866	-0.001127	-0.003338	-0.004391	0.004845	-0.012546	-0.014976	-0.006223	-0.005318	-0.002364	-0.000324	-0.000832	-0.002416	-0.004460	0.000850	-0.006907	-0.009196	-0.018540	-0.008639	0.000690	-0.010909	-0.001489	0.011918	-0.016829	0.003880	-0.014561	-0.007209	-0.012205	0.005770	-0.012655	-0.001373	-0.004941	0.000574	-0.010068	0.007097	-0.013844	0.006356	-0.004505	-0.008474	-0.004863	-0.010611	-0.004856	-0.009246	0.000011	-0.003229	-0.003998	0.008292	-0.021079	0.005622	-0.010073	0.009500	0.001038	0.002887	-0.011066	-0.006935	0.001019	-0.001342	0.008769	-0.010964	-0.008658	-0.000155	-0.008841	-0.001885	-0.008184	0.000171	0.003251	
-0.000968	-0.001680	0.001543	0.001500	0.025379	0.022601	0.016161	0.011030	0.003876	-0.004832	-0.008582	0.000247	0.000800	-0.007667	0.020714	0.004171	-0.012034	0.003485	0.010070	-0.015819	0.010596	-0.006907	-0.004429	0.014274	-0.004010	0.008438	0.004164	-0.006245	-0.005628	0.000250	0.003163	0.000300	-0.001215	0.000390	0.427061	0.005993	0.007971	0.011775	-0.000105	-0.020946	-0.005854	-0.015262	-0.004584	-0.005122	-0.003853	0.002999	0.001770	-0.013530	-0.010761	0.007061	-0.012968	-0.004429	-0.004870	-0.000263	-0.008258	-0.011195	-0.008994	0.000324	0.005503	-0.000977	-0.008110	0.000204	-0.016341	0.003078	0.006789	-0.008636	-0.006912	-0.000675	-0.004820	0.003201	-0.001377	-0.007164	0.000262	0.000142	-0.010202	-0.020281	-0.005623	-0.009051	-0.008455	-0.016026	-0.001878	-0.020386	0.009674	-0.008379	0.001431	-0.008351	-0.005263	0.002120	-0.012315	-0.007462	-0.012982	0.002703	0.000061	-0.020875	-0.012312	-0.001404	-0.004315	-0.000727	0.003802	-0.009980	0.008740	
0.003478	0.010465	0.006711	-0.009454	0.006725	0.009000	0.002801	0.004407	0.011449	0.008035	-0.005339	0.016964	-0.005823	-0.009718	0.009760	-0.005580	-0.015529	0.005043	0.006334	-0.001749	-0.011426	0.014141	0.004347	0.000674	-0.003174	-0.004682	0.000669	-0.003724	0.003871	0.005898	0.012902	-0.001270	0.008042	0.016866	0.005993	0.436181	0.016026	0.003709	-0.013706	-0.014094	0.003404	-0.008410	-0.001823	-0.000436	-0.004941	0.012497	-0.011831	-0.014378	-0.001985	-0.003653	-0.002988	-0.005759	0.001982	0.006348	0.003888	-0.008915	-0.005270	-0.006059	0.001286	-0.001585	-0.007996	-0.002569	-0.006602	0.005839	0.002813	-0.013334	0.013655	-0.000801	-0.002781	0.010534	-0.005354	0.009312	-0.012617	-0.006480	-0.007441	-0.021129	-0.019945	-0.007974	0.000321	-0.012062	-0.007057	-0.002466	-0.010904	-0.013799	0.004914	-0.013049	-0.015736	-0.013646	-0.021103	-0.010235	-0.008296	-0.006807	-0.005599	-0.008248	-0.011957	-0.010673	-0.003238	-0.004703	-0.017980	-0.011791	0.018479	
-0.000560	-0.000310	0.011094	-0.000017	0.019771	0.011940	0.008388	-0.003962	0.006930	0.002553	-0.006490	0.003783	-0.015155	-0.004131	-0.012565	0.017331	-0.005370	0.005336	-0.002516	-0.000975	-0.011855	0.003125	0.000550	0.003614	-0.010821	-0.009442	-0.003610	-0.011612	-0.023507	-0.001268	0.003571	0.001429	0.006170	-0.001127	0.007971	0.016026	0.410885	0.006408	0.003189	-0.010192	-0.009296	-0.000658	0.000876	-0.003512	0.002811	0.010625	0.003861	-0.002295	-0.014685	0.010356	-0.004860	-0.009315	0.006125	-0.008517	0.002737	-0.003810	-0.011955	-0.010819	0.006632	0.004002	-0.006740	-0.010216	-0.014971	-0.015043	-0.001706	-0.020741	0.002639	0.005748	0.002084	0.001443	0.000714	-0.018547	0.009812	-0.005947	-0.018456	0.006113	-0.015321	0.008200	0.014811	-0.021875	-0.000027	0.004805	-0.008686	-0.003641	-0.002492	-0.016846	0.000438	-0.002766	-0.010704	-0.011867	-0.006559	-0.006273	-0.012043	-0.008196	-0.009499	-0.002681	-0.000779	0.013395	-0.008784	-0.007167	0.020938	
-0.002771	-0.000355	0.004312	-0.005597	0.005288	0.004917	-0.000801	0.004414	-0.011643	0.007561	-0.000760	-0.014790	-0.015922	-0.009470	0.002067	-0.006776	-0.010228	-0.008906	-0.000877	0.001627	0.008071	-0.005582	0.000505	0.001403	-0.007738	-0.006600	-0.002933	-0.008770	-0.007672	-0.006847	-0.007302	-0.019069	-0.003741	-0.003338	0.011775	0.003709	0.006408	0.497807	0.009160	-0.011681	-0.007176	-0.004794	0.002515	0.002699	-0.008303	-0.002654	0.001650	-0.008596	-0.019543	-0.000277	0.003035	-0.000458	-0.004508	-0.006638	0.005338	-0.004577	0.002196	0.000926	0.008512	0.000588	-0.007988	-0.005930	-0.015498	-0.005463	-0.001511	-0.002500	0.007166	-0.002237	0.000114	0.001157	-0.007993	-0.003433	0.005195	-0.003827	0.001710	-0.001392	0.003883	-0.006523	-0.004965	0.007916	0.010034	-0.001497	-0.007288	-0.017882	-0.007831	0.006208	-0.003457	-0.001849	0.001762	0.003969	-0.007326	0.000419	0.004514	-0.015459	-0.015078	0.006658	0.001822	-0.005418	-0.017251	0.007225	-0.000041	
-0.005990	-0.013199	-0.013103	-0.018440	-0.009961	-0.001430	-0.014847	0.001677	-0.011252	0.001455	-0.011679	-0.008384	-0.019381	-0.004748	0.004864	-0.003257	-0.000694	-0.005628	-0.001690	0.007070	-0.004772	-0.003267	-0.026776	-0.005425	-0.022506	-0.004765	-0.003746	0.000042	0.005712	0.001484	0.000547	0.002496	-0.011290	-0.004391	-0.000105	-0.013706	0.003189	0.009160	0.473865	-0.014900	-0.009913	-0.005606	-0.000944	0.006217	0.000750	-0.004189	-0.001087	-0.006280	-0.025167	-0.000127	0.005831	-0.011857	0.010320	0.010115	0.002601	-0.015736	-0.005113	-0.006623	-0.007941	-0.004315	0.006358	0.005770	-0.012460	0.003590	0.026069	0.016178	0.001541	-0.002809	0.005558	0.005157	0.010203	-0.008096	0.004142	0.002098	-0.007524	0.019692	-0.015216	0.000845	0.011787	0.005419	0.006334	-0.000625	0.008021	-0.001611	0.000259	-0.006876	0.012333	0.000707	0.001431	-0.014168	-0.012229	0.007306	0.014289	-0.008091	-0.014928	-0.007869	-0.001156	-0.006712	0.005517	0.003525	-0.009997	
-0.002528	-0.008053	-0.010845	-0.005835	-0.017808	-0.009759	0.000886	-0.000877	0.005443	0.003714	0.002611	-0.006125	0.001886	-0.006580	-0.005630	-0.003886	0.003249	-0.026228	-0.017237	0.000185	-0.007086	-0.011595	0.001469	0.005496	0.001648	-0.010206	-0.002931	-0.006121	0.005083	-0.006604	-0.027752	-0.001742	0.012624	0.004845	-0.020946	-0.014094	-0.010192	-0.011681	-0.014900	0.544015	-0.016798	-0.009604	-0.008310	-0.005720	-0.014075	0.001198	0.002134	0.011859	0.013905	-0.001718	-0.013806	0.016388	-0.020627	-0.008801	-0.003081	0.003847	-0.013923	0.004297	0.003220	0.001793	-0.009189	0.003216	-0.006833	0.009698	-0.008727	-0.004903	0.001874	0.006908	-0.000124	-0.009187	0.006927	-0.007281	-0.007074	0.000988	0.013262	0.007032	0.008697	-0.000746	-0.016272	-0.005075	-0.010175	0.018477	0.006670	0.006422	-0.001332	-0.005821	0.012666	0.010425	-0.003529	-0.003729	-0.003715	-0.001504	0.002592	-0.004148	0.003452	-0.011386	-0.009725	0.005412	0.006572	0.008431	-0.005332	
-0.012701	-0.001623	0.001119	-0.002292	-0.013063	-0.005254	-0.003753	-0.018268	-0.008098	0.002925	-0.014059	-0.017020	0.012888	0.006827	-0.021337	0.000619	-0.008848	-0.001270	-0.006957	-0.012153	-0.008596	-0.011662	-0.014959	0.001820	0.003506	0.013548	-0.000591	0.008250	-0.006292	-0.008596	0.000333	0.004207	-0.002121	-0.012546	-0.005854	0.003404	-0.009296	-0.007176	-0.009913	-0.016798	0.493700	0.012466	0.003173	-0.000975	-0.000186	0.007147	0.002789	-0.013232	0.000605	-0.010447	0.003933	0.004290	0.010105	0.010141	-0.003388	0.003299	-0.001237	-0.001785	-0.001418	0.009426	-0.001316	0.009886	0.021012	0.007225	-0.001816	0.006098	-0.004689	-0.004949	0.000050	0.004702	-0.008539	0.000111	-0.016765	0.010065	0.003330	-0.001697	0.000931	-0.016694	-0.000458	-0.000810	-0.011445	-0.005170	-0.002540	0.002746	-0.001158	-0.000594	-0.013146	-0.018035	0.016376	-0.011014	0.001272	-0.002292	-0.003250	0.011906	-0.006962	-0.003271	-0.006664	-0.011979	-0.012744	0.000664	-0.008286	
