0.671700	0.013535	-0.019865	-0.008166	-0.017108	-0.008149	-0.007693	-0.000378	-0.014410	-0.013583	-0.020076	-0.007752	-0.015139	-0.000872	-0.008094	-0.017386	-0.020177	-0.009789	-0.011791	-0.004042	-0.011100	-0.009085	0.006696	-0.018132	-0.002259	-0.001416	-0.027724	0.004685	-0.015565	-0.011859	-0.003321	-0.020612	-0.014789	-0.020434	
0.013535	0.577680	-0.013052	-0.022855	-0.017749	-0.003486	0.008868	-0.023668	-0.015337	-0.033433	-0.017993	-0.013984	-0.017357	-0.007533	-0.013035	-0.014013	-0.016804	-0.022901	-0.012146	-0.020595	-0.021632	-0.020047	0.032718	-0.009456	0.023477	0.024320	-0.016610	0.012072	-0.012479	-0.008916	0.014817	-0.014372	-0.012850	-0.016345	
-0.019865	-0.013052	0.528655	0.001658	-0.001407	-0.010510	-0.002600	-0.010480	0.001435	-0.014081	-0.013980	-0.017424	-0.014490	-0.010113	-0.007731	-0.002689	-0.009207	-0.002975	-0.013149	0.003201	0.005461	-0.008435	-0.009139	-0.002718	-0.010927	-0.011374	-0.009156	-0.016311	0.003146	-0.009919	-0.011703	-0.007348	-0.008549	-0.009894	
-0.008166	-0.022855	0.001658	0.506934	0.042833	-0.016585	-0.021864	0.005663	-0.014675	-0.019153	-0.002423	-0.009308	-0.011534	-0.013465	-0.015240	-0.003604	0.001346	-0.010484	-0.009047	-0.009612	-0.015523	-0.007057	-0.021809	-0.003346	-0.014566	-0.014296	0.009711	-0.020380	-0.005079	0.001494	0.004011	-0.006256	-0.014481	-0.009376	
-0.017108	-0.017749	-0.001407	0.042833	0.542265	-0.007752	-0.020628	-0.008153	-0.009570	-0.013044	-0.005345	-0.008646	-0.016463	-0.011226	-0.018449	0.002219	-0.018778	-0.002942	-0.009388	-0.005509	-0.014287	-0.013275	-0.017993	0.000469	-0.005159	-0.013347	0.002059	-0.007676	-0.005994	-0.013613	-0.012959	-0.002870	-0.009376	-0.010004	
-0.008149	-0.003486	-0.010510	-0.016585	-0.007752	0.534811	0.003669	-0.016539	-0.009354	-0.007095	-0.005990	-0.008718	-0.007504	0.007050	0.004989	-0.008461	-0.011108	-0.004160	-0.019494	-0.004148	-0.004755	0.012456	-0.001293	-0.013794	-0.024153	-0.013992	-0.005037	-0.017209	-0.010510	-0.002647	-0.022492	-0.006956	-0.015898	-0.007782	
-0.007693	0.008868	-0.002600	-0.021864	-0.020628	0.003669	0.533478	-0.017517	-0.027965	-0.008933	-0.004675	-0.009983	0.004420	-0.013136	-0.006167	-0.008865	-0.015957	0.000596	-0.004561	-0.013870	-0.017344	-0.005438	0.004323	-0.018929	-0.015814	-0.021421	-0.003292	-0.005429	0.000840	-0.006922	-0.014726	-0.006500	0.002763	0.008012	
-0.000378	-0.023668	-0.010480	0.005663	-0.008153	-0.016539	-0.017517	0.693472	-0.012479	0.009707	-0.006964	0.015824	0.011448	-0.022737	-0.001719	-0.014738	-0.005058	-0.003987	-0.007280	-0.006842	-0.008739	-0.006724	-0.026063	-0.014051	-0.019823	-0.032025	-0.013322	-0.035528	-0.012917	-0.014085	-0.029487	-0.016100	0.001190	-0.003165	
-0.014410	-0.015337	0.001435	-0.014675	-0.009570	-0.009354	-0.027965	-0.012479	0.663723	-0.000024	-0.013828	-0.009818	-0.010181	-0.011538	-0.013313	-0.001964	-0.004755	-0.017445	-0.004110	-0.004101	-0.001125	0.007485	-0.008701	0.004458	-0.025540	-0.016813	-0.022336	-0.015443	-0.005733	-0.016362	-0.006534	-0.007769	-0.002950	-0.021067	
-0.013583	-0.033433	-0.014081	-0.019153	-0.013044	-0.007095	-0.008933	0.009707	-0.000024	0.680217	-0.024756	0.004053	0.006271	-0.014869	-0.012917	-0.013322	0.002379	-0.004578	-0.010164	0.002459	-0.005029	-0.002727	-0.019916	-0.014928	-0.018980	-0.024301	-0.015776	-0.016480	-0.010210	0.000520	-0.021619	-0.004076	-0.025920	0.004415	
-0.020076	-0.017993	-0.013980	-0.002423	-0.005345	-0.005990	-0.004675	-0.006964	-0.013828	-0.024756	0.662846	-0.013478	-0.003376	-0.013191	0.003526	-0.017234	0.002337	-0.018525	-0.008056	-0.005467	-0.019692	-0.005062	-0.018811	-0.005796	-0.015725	-0.005134	-0.006357	-0.010215	-0.020287	-0.010847	-0.011770	-0.001681	-0.006323	-0.004228	
-0.007752	-0.013984	-0.017424	-0.009308	-0.008646	-0.008718	-0.009983	0.015824	-0.009818	0.004053	-0.013478	0.693219	-0.001373	-0.034124	-0.008520	-0.009498	-0.014296	0.005410	-0.014941	-0.002891	-0.015253	-0.012951	-0.025266	-0.013111	-0.018596	-0.019187	-0.001200	-0.016096	-0.010830	0.011224	-0.021236	-0.015447	-0.012635	-0.016560	
-0.015139	-0.017357	-0.014490	-0.011534	-0.016463	-0.007504	0.004420	0.011448	-0.010181	0.006271	-0.003376	-0.001373	0.697790	-0.020152	-0.002862	-0.011151	-0.022399	-0.014161	-0.014443	-0.011138	-0.009165	-0.015177	-0.009860	-0.016484	-0.006201	-0.018259	-0.014608	-0.012445	-0.011336	-0.015228	-0.018444	-0.015093	-0.011134	-0.003878	
-0.000872	-0.007533	-0.010113	-0.013465	-0.011226	0.007050	-0.013136	-0.022737	-0.011538	-0.014869	-0.013191	-0.034124	-0.020152	0.555031	-0.001782	0.004407	-0.013866	-0.008924	-0.008490	-0.016223	-0.002351	-0.002056	-0.007634	-0.003363	-0.008275	-0.009582	-0.009228	-0.007495	-0.007820	-0.003827	-0.003460	-0.000682	0.001557	-0.002512	
-0.008094	-0.013035	-0.007731	-0.015240	-0.018449	0.004989	-0.006167	-0.001719	-0.013313	-0.012917	0.003526	-0.008520	-0.002862	-0.001782	0.559973	-0.007689	0.001131	0.000768	-0.011412	-0.015131	-0.003840	-0.002541	-0.017293	-0.008149	-0.013060	-0.009350	-0.011576	-0.010274	-0.002571	-0.011766	-0.018853	-0.016935	-0.006956	-0.013174	
-0.017386	-0.014013	-0.002689	-0.003604	0.002219	-0.008461	-0.008865	-0.014738	-0.001964	-0.013322	-0.017234	-0.009498	-0.011151	0.004407	-0.007689	0.520796	-0.011315	-0.007090	-0.006513	-0.009371	0.002636	-0.011834	-0.018845	-0.001529	-0.008305	-0.017926	-0.009114	-0.015552	0.007346	-0.006150	-0.010514	-0.005155	0.001384	-0.008562	
-0.020177	-0.016804	-0.009207	0.001346	-0.018778	-0.011108	-0.015957	-0.005058	-0.004755	0.002379	0.002337	-0.014296	-0.022399	-0.013866	0.001131	-0.011315	0.555790	0.001730	0.000587	-0.005425	-0.003309	-0.004304	-0.012748	-0.000593	-0.017833	0.002649	-0.009755	-0.018200	-0.005623	-0.007078	-0.005851	-0.008806	-0.015455	-0.011353	
-0.009789	-0.022901	-0.002975	-0.010484	-0.002942	-0.004160	0.000596	-0.003987	-0.017445	-0.004578	-0.018525	0.005410	-0.014161	-0.008924	0.000768	-0.007090	0.001730	0.574695	0.001658	-0.004067	-0.011699	-0.007533	-0.020852	-0.015864	-0.017049	-0.006028	-0.006821	-0.012112	-0.010430	0.002021	-0.014241	-0.014760	-0.018255	-0.011859	
-0.011791	-0.012146	-0.013149	-0.009047	-0.009388	-0.019494	-0.004561	-0.007280	-0.004110	-0.010164	-0.008056	-0.014941	-0.014443	-0.008490	-0.011412	-0.006513	0.000587	0.001658	0.543462	-0.015818	-0.004957	-0.012403	-0.011387	-0.004679	-0.011741	-0.004160	-0.009253	-0.012681	0.000469	-0.012310	-0.006209	-0.011745	0.003395	0.004487	
-0.004042	-0.020595	0.003201	-0.009612	-0.005509	-0.004148	-0.013870	-0.006842	-0.004101	0.002459	-0.005467	-0.002891	-0.011138	-0.016223	-0.015131	-0.009371	-0.005425	-0.004067	-0.015818	0.540916	-0.003085	-0.005370	-0.018976	-0.005961	-0.017180	-0.010316	0.000646	-0.014966	-0.014717	0.002893	-0.027560	0.004318	-0.005771	-0.005826	
-0.011100	-0.021632	0.005461	-0.015523	-0.014287	-0.004755	-0.017344	-0.008739	-0.001125	-0.005029	-0.019692	-0.015253	-0.009165	-0.002351	-0.003840	0.002636	-0.003309	-0.011699	-0.004957	-0.003085	0.525299	0.002767	-0.019296	-0.002267	-0.001732	-0.010636	0.003336	-0.004535	-0.000990	-0.018356	-0.015839	-0.010910	-0.012542	-0.006863	
-0.009085	-0.020047	-0.008435	-0.007057	-0.013275	0.012456	-0.005438	-0.006724	0.007485	-0.002727	-0.005062	-0.012951	-0.015177	-0.002056	-0.002541	-0.011834	-0.004304	-0.007533	-0.012403	-0.005370	0.002767	0.550562	-0.017568	-0.004839	-0.016488	-0.024533	-0.012424	-0.024596	-0.005282	0.003728	-0.022138	-0.009038	-0.003646	-0.009148	
0.006696	0.032718	-0.009139	-0.021809	-0.017993	-0.001293	0.004323	-0.026063	-0.008701	-0.019916	-0.018811	-0.025266	-0.009860	-0.007634	-0.017293	-0.018845	-0.012748	-0.020852	-0.011387	-0.018976	-0.019296	-0.017568	0.582436	-0.005113	0.010187	0.015188	-0.007824	0.009247	-0.008853	-0.017188	0.012995	-0.011033	-0.017825	-0.011285	
-0.018132	-0.009456	-0.002718	-0.003346	0.000469	-0.013794	-0.018929	-0.014051	0.004458	-0.014928	-0.005796	-0.013111	-0.016484	-0.003363	-0.008149	-0.001529	-0.000593	-0.015864	-0.004679	-0.005961	-0.002267	-0.004839	-0.005113	0.516951	-0.009051	-0.008638	-0.000973	-0.012858	-0.004438	-0.010194	-0.000366	-0.010202	-0.015417	-0.008161	
-0.002259	0.023477	-0.010927	-0.014566	-0.005159	-0.024153	-0.015814	-0.019823	-0.025540	-0.018980	-0.015725	-0.018596	-0.006201	-0.008275	-0.013060	-0.008305	-0.017833	-0.017049	-0.011741	-0.017180	-0.001732	-0.016488	0.010187	-0.009051	0.530561	0.017127	-0.016062	0.021651	-0.014511	-0.009371	0.040307	-0.003789	-0.018179	-0.017660	
-0.001416	0.024320	-0.011374	-0.014296	-0.013347	-0.013992	-0.021421	-0.032025	-0.016813	-0.024301	-0.005134	-0.019187	-0.018259	-0.009582	-0.009350	-0.017926	0.002649	-0.006028	-0.004160	-0.010316	-0.010636	-0.024533	0.015188	-0.008638	0.017127	0.531927	-0.008912	0.018337	-0.006213	-0.010965	0.007034	-0.003376	-0.013895	-0.014523	
-0.027724	-0.016610	-0.009156	0.009711	0.002059	-0.005037	-0.003292	-0.013322	-0.022336	-0.015776	-0.006357	-0.001200	-0.014608	-0.009228	-0.011576	-0.009114	-0.009755	-0.006821	-0.009253	0.000646	0.003336	-0.012424	-0.007824	-0.000973	-0.016062	-0.008912	0.520155	-0.020730	-0.010446	-0.006597	-0.002647	-0.005029	0.003517	0.003463	
0.004685	0.012072	-0.016311	-0.020380	-0.007676	-0.017209	-0.005429	-0.035528	-0.015443	-0.016480	-0.010215	-0.016096	-0.012445	-0.007495	-0.010274	-0.015552	-0.018200	-0.012112	-0.012681	-0.014966	-0.004535	-0.024596	0.009247	-0.012858	0.021651	0.018337	-0.020730	0.598474	0.006195	-0.020776	0.023025	-0.013474	-0.016252	-0.016737	
-0.015565	-0.012479	0.003146	-0.005079	-0.005994	-0.010510	0.000840	-0.012917	-0.005733	-0.010210	-0.020287	-0.010830	-0.011336	-0.007820	-0.002571	0.007346	-0.005623	-0.010430	0.000469	-0.014717	-0.000990	-0.005282	-0.008853	-0.004438	-0.014511	-0.006213	-0.010446	0.006195	0.508873	-0.009633	-0.011560	-0.007061	-0.010843	-0.020502	
-0.011859	-0.008916	-0.009919	0.001494	-0.013613	-0.002647	-0.006922	-0.014085	-0.016362	0.000520	-0.010847	0.011224	-0.015228	-0.003827	-0.011766	-0.006150	-0.007078	0.002021	-0.012310	0.002893	-0.018356	0.003728	-0.017188	-0.010194	-0.009371	-0.010965	-0.006597	-0.020776	-0.009633	0.525990	-0.015021	-0.007369	-0.002550	-0.005328	
-0.003321	0.014817	-0.011703	0.004011	-0.012959	-0.022492	-0.014726	-0.029487	-0.006534	-0.021619	-0.011770	-0.021236	-0.018444	-0.003460	-0.018853	-0.010514	-0.005851	-0.014241	-0.006209	-0.027560	-0.015839	-0.022138	0.012995	-0.000366	0.040307	0.007034	-0.002647	0.023025	-0.011560	-0.015021	0.526311	0.000882	-0.013221	-0.024457	
-0.020612	-0.014372	-0.007348	-0.006256	-0.002870	-0.006956	-0.006500	-0.016100	-0.007769	-0.004076	-0.001681	-0.015447	-0.015093	-0.000682	-0.016935	-0.005155	-0.008806	-0.014760	-0.011745	0.004318	-0.010910	-0.009038	-0.011033	-0.010202	-0.003789	-0.003376	-0.005029	-0.013474	-0.007061	-0.007369	0.000882	0.517929	0.000882	-0.000606	
-0.014789	-0.012850	-0.008549	-0.014481	-0.009376	-0.015898	0.002763	0.001190	-0.002950	-0.025920	-0.006323	-0.012635	-0.011134	0.001557	-0.006956	0.001384	-0.015455	-0.018255	0.003395	-0.005771	-0.012542	-0.003646	-0.017825	-0.015417	-0.018179	-0.013895	0.003517	-0.016252	-0.010843	-0.002550	-0.013221	0.000882	0.532618	0.024712	
-0.020434	-0.016345	-0.009894	-0.009376	-0.010004	-0.007782	0.008012	-0.003165	-0.021067	0.004415	-0.004228	-0.016560	-0.003878	-0.002512	-0.013174	-0.008562	-0.011353	-0.011859	0.004487	-0.005826	-0.006863	-0.009148	-0.011285	-0.008161	-0.017660	-0.014523	0.003463	-0.016737	-0.020502	-0.005328	-0.024457	-0.000606	0.024712	0.532399	
