0.657448	0.018721	-0.000560	0.000995	-0.002501	-0.006462	-0.004134	-0.013648	-0.010040	-0.004244	0.007231	0.001029	-0.008921	0.015080	0.017957	-0.005651	0.014720	-0.000248	-0.003119	-0.003782	-0.002532	0.002011	-0.012685	-0.004379	-0.007549	-0.005697	-0.021700	-0.014618	0.001840	-0.005201	-0.004848	-0.006514	0.001580	-0.010912	-0.011832	-0.009489	0.000080	-0.004576	-0.009611	-0.007653	-0.009734	-0.015162	-0.006456	0.015110	-0.013146	-0.008769	-0.008378	-0.006132	-0.003864	0.001001	-0.016673	0.008215	-0.008472	-0.007347	-0.000872	0.001927	-0.006992	0.010076	-0.006472	-0.003281	0.006663	0.013970	0.002145	-0.012361	0.007671	-0.008964	0.002442	-0.001214	-0.008068	-0.012503	-0.005857	-0.018755	-0.004532	-0.008997	-0.016864	-0.002214	0.000590	-0.002287	-0.009070	-0.013446	-0.003650	0.001002	-0.015561	-0.015229	-0.013552	-0.004198	-0.008634	0.003496	-0.006654	-0.006366	-0.007607	0.011547	0.011850	-0.007329	0.050363	-0.002527	-0.007136	-0.008221	-0.000837	-0.016821	-0.008341	0.043367	-0.001902	-0.009060	0.003260	-0.013297	0.007083	-0.013423	0.001823	0.006768	
0.018721	0.625582	-0.001031	-0.002910	-0.003086	-0.002242	0.004435	-0.005423	-0.002501	-0.008949	-0.000220	0.008110	-0.010537	0.009803	0.035909	-0.010127	0.010015	-0.006440	-0.002903	-0.010776	0.002375	-0.003839	-0.003086	0.005334	0.005482	-0.006169	-0.011186	-0.014517	-0.013278	0.000049	-0.007379	-0.002980	-0.006100	-0.013214	-0.017109	-0.012135	-0.012406	-0.010311	-0.001958	-0.006980	-0.009175	-0.006479	-0.005897	0.010176	-0.014075	-0.011644	-0.007019	-0.007748	-0.016350	-0.002903	-0.005702	-0.005187	-0.013177	-0.007475	-0.002144	0.006605	-0.008836	0.004341	-0.007401	0.002999	0.002530	0.002742	0.004763	-0.001733	0.008802	-0.011609	0.001970	-0.002829	-0.004878	-0.001646	0.006603	-0.007440	-0.002257	-0.006264	-0.007151	0.001091	0.000805	0.002276	0.005907	-0.015977	0.004690	0.004307	-0.011684	-0.010323	-0.009903	-0.008560	-0.008533	-0.000865	0.002030	-0.006037	0.007369	-0.001511	0.018816	-0.009974	0.009727	-0.010093	-0.014015	-0.006175	-0.002110	-0.004820	-0.001031	0.000213	-0.000771	-0.008844	0.004734	-0.007932	-0.006204	-0.009202	0.014167	0.000690	
-0.000560	-0.001031	0.612084	-0.005598	-0.006232	-0.013054	-0.012786	0.004019	-0.004159	-0.008891	-0.009088	-0.013573	0.007945	-0.010164	0.000723	-0.003317	-0.004574	0.002658	0.005623	-0.002708	-0.007293	-0.008357	0.000977	-0.001245	0.010118	-0.000732	0.003176	-0.009653	-0.016424	-0.009505	0.003436	-0.000405	-0.001236	-0.003659	-0.004464	0.002685	-0.002507	-0.003616	0.003708	0.006924	0.016287	0.001590	0.000340	-0.013338	0.004063	0.005121	0.000249	-0.003913	-0.000729	-0.010169	-0.004842	-0.005586	0.004503	0.004941	-0.002887	-0.009357	-0.009007	-0.010133	-0.002194	-0.001176	-0.001074	0.001999	-0.005019	0.001758	0.001422	-0.000795	0.001685	0.000204	-0.002302	0.023015	-0.013936	-0.002461	0.003408	0.001689	-0.005376	-0.005945	-0.004744	-0.005447	-0.013602	-0.003332	-0.008640	-0.006964	-0.000755	-0.001568	0.000911	-0.003124	-0.007445	-0.000349	0.005177	-0.001516	-0.010423	-0.008205	-0.003325	-0.002707	0.002690	-0.010721	0.000575	0.002008	-0.003081	-0.008309	-0.002231	-0.005908	-0.008265	-0.005239	-0.011456	-0.008103	-0.000768	-0.012234	0.001982	-0.010123	
0.000995	-0.002910	-0.005598	0.567036	0.006193	0.000057	-0.004595	-0.004611	-0.004550	-0.003217	-0.002499	-0.008701	0.000230	0.009813	0.008571	-0.005425	-0.002448	-0.002654	-0.019943	0.007886	-0.000475	0.002122	-0.004907	0.003971	-0.008010	-0.001009	0.002327	-0.000889	-0.001367	-0.002687	-0.001075	-0.013383	-0.000139	0.001214	0.003155	0.002294	-0.006789	-0.002405	-0.008127	-0.002278	-0.000926	-0.007498	-0.002111	0.000574	0.020036	0.003357	0.003290	-0.008882	-0.002150	-0.002550	0.002204	-0.016848	-0.005157	-0.003231	-0.002820	-0.009519	-0.001731	0.000919	-0.006704	-0.009921	0.036755	-0.005372	0.003858	-0.009389	-0.014760	0.000645	-0.000880	-0.001789	-0.014823	-0.002894	-0.014671	-0.014753	-0.009570	0.001642	-0.007598	0.005908	-0.001816	-0.014649	-0.012163	0.009551	-0.000678	-0.010788	-0.013619	-0.003561	-0.013326	-0.008779	-0.010811	-0.011383	-0.012950	-0.001678	-0.009213	0.005365	-0.002228	0.000221	0.006419	-0.002530	-0.000617	0.002074	-0.003701	-0.006411	0.003671	-0.008473	0.000384	0.006042	0.005660	-0.005175	0.009712	-0.001525	0.001819	-0.009141	
-0.002501	-0.003086	-0.006232	0.006193	0.527194	-0.003324	-0.007861	0.005053	0.003741	-0.005454	0.009797	0.002451	0.001998	0.001855	-0.007741	0.025065	0.002410	0.000946	-0.004443	-0.002818	-0.003055	0.000343	0.007389	0.000704	-0.011391	-0.008738	-0.003342	-0.017659	0.000745	-0.006411	0.008704	-0.022485	0.007351	-0.001938	-0.000111	-0.002575	-0.010971	0.003712	0.002224	-0.006918	-0.018381	-0.009964	0.003205	-0.005095	0.005441	0.001006	-0.009931	0.003414	-0.005531	-0.003184	0.000426	-0.003065	0.002448	-0.006383	-0.001166	-0.003517	-0.011291	0.004289	0.000099	-0.007924	0.007170	-0.001544	-0.009249	0.006683	-0.012076	0.010996	0.003177	-0.007802	-0.011910	-0.011310	-0.002833	-0.004631	-0.006429	-0.007003	0.002180	-0.008573	0.000639	-0.010249	-0.019663	0.000220	-0.004288	-0.003298	-0.008075	-0.011862	-0.006637	-0.007926	-0.000575	0.004003	-0.015873	-0.010208	-0.009962	-0.014036	-0.000574	-0.004076	-0.004629	0.004045	0.001953	0.013340	0.001157	-0.003842	0.006126	-0.008306	-0.009291	0.000601	0.026195	-0.000889	-0.004883	-0.000100	0.001185	0.002812	
-0.006462	-0.002242	-0.013054	0.000057	-0.003324	0.586185	0.001566	0.003265	-0.001250	-0.006211	-0.003662	0.013022	-0.007341	0.001899	-0.003005	-0.006931	0.004743	-0.001414	0.006014	-0.003461	-0.001867	-0.001787	-0.003095	0.002808	-0.001049	-0.002401	-0.005816	0.016256	-0.009739	0.017091	-0.001665	0.033514	-0.004850	-0.014024	0.003022	0.005021	-0.013444	-0.011349	-0.005971	-0.005844	-0.001860	-0.005343	-0.003159	0.010854	0.003196	-0.004901	-0.001305	-0.006269	-0.010408	-0.000852	-0.006168	0.007392	-0.012384	0.003616	-0.007530	-0.003016	-0.012506	-0.010200	-0.013131	0.002533	0.012477	-0.005848	-0.004170	-0.015702	-0.007570	-0.010473	-0.004103	-0.006156	-0.007632	-0.010122	0.000644	-0.007219	-0.007644	-0.006959	-0.003841	0.006461	0.002742	0.012452	0.007043	-0.007289	0.049309	-0.015155	-0.003110	-0.017769	-0.001444	-0.008797	-0.012661	-0.012889	-0.008506	-0.007990	0.006789	-0.009072	-0.003735	-0.001743	0.008460	-0.008957	-0.003725	0.001827	-0.009785	-0.015355	-0.003557	-0.000939	-0.015998	-0.010226	0.004840	-0.008627	-0.003809	-0.007380	-0.007010	0.001254	
-0.004134	0.004435	-0.012786	-0.004595	-0.007861	0.001566	0.572841	-0.008481	-0.006017	0.015341	-0.001219	-0.001585	0.004027	-0.009734	-0.002737	0.001118	-0.004601	-0.002518	-0.011454	0.003444	-0.004688	0.003058	-0.010264	0.002847	-0.002268	-0.008197	-0.002687	0.003022	0.005176	-0.006900	0.007872	-0.003636	-0.003895	0.000091	0.003405	-0.006954	-0.000245	-0.005131	-0.005817	-0.001800	0.002528	-0.003472	0.003288	-0.011534	0.008499	-0.006578	0.000336	-0.003139	-0.018722	0.014979	-0.008531	0.007432	-0.009141	-0.008131	-0.000282	0.007666	0.001379	-0.012563	0.004302	0.004747	-0.002588	0.001858	-0.006191	0.005393	0.001166	0.009248	-0.004063	-0.001654	-0.023613	-0.001958	0.002400	-0.008553	-0.004972	-0.002800	-0.005174	-0.000136	-0.005572	-0.001240	-0.019580	-0.003931	0.003233	-0.004931	-0.019091	0.000923	-0.006210	0.005202	-0.004497	-0.001635	-0.011900	-0.009667	-0.004958	0.000579	0.003171	-0.004221	-0.013243	-0.001594	-0.003113	-0.004198	-0.003909	-0.011883	-0.010955	0.005852	-0.000053	-0.010072	0.007512	-0.004125	0.004240	-0.009285	0.007676	-0.001568	
-0.013648	-0.005423	0.004019	-0.004611	0.005053	0.003265	-0.008481	0.568884	0.009300	-0.010308	-0.010505	0.004348	-0.004801	-0.005288	-0.005958	-0.004048	-0.004618	0.008450	0.015763	-0.001493	0.003648	0.003843	-0.010281	-0.007125	-0.011553	0.003687	-0.001216	0.011244	-0.012234	0.002009	0.000532	0.006417	0.000551	-0.008852	0.009110	-0.001821	-0.010446	-0.002744	-0.002973	-0.000214	-0.010534	-0.014360	-0.009888	0.005728	0.009283	-0.006709	-0.004143	0.008172	-0.007524	0.000430	-0.011523	-0.006889	0.001599	0.000664	0.005423	-0.004366	-0.006991	-0.004341	-0.004412	-0.003623	0.003460	-0.004109	-0.009640	-0.009500	-0.000452	-0.000381	-0.011289	0.004280	-0.010356	-0.003233	0.002383	-0.004336	-0.003730	-0.001215	-0.001186	0.000076	0.009516	0.002405	0.002488	0.003719	-0.001246	-0.006206	-0.001714	0.001936	-0.000963	0.002211	-0.003026	-0.008289	-0.008483	-0.003619	0.008986	-0.007104	-0.003025	-0.007213	-0.006851	-0.002068	0.005223	0.001392	-0.008045	-0.008467	-0.007653	-0.015563	-0.006592	-0.006083	-0.011042	-0.006201	-0.002871	-0.008043	-0.006530	-0.004788	
-0.010040	-0.002501	-0.004159	-0.004550	0.003741	-0.001250	-0.006017	0.009300	0.561119	0.001769	0.002831	-0.005546	-0.006685	-0.003853	-0.007269	0.004482	-0.015313	0.008054	-0.014614	-0.000173	0.001764	-0.003648	-0.000035	-0.003058	-0.007601	-0.006207	-0.002871	-0.002540	0.007739	-0.005711	-0.009706	-0.003820	0.000498	-0.002497	0.003793	-0.008511	0.008610	0.009447	-0.006345	0.000190	0.003831	-0.009492	0.000358	-0.005883	0.003852	-0.005961	-0.000992	-0.007329	-0.003572	0.003810	-0.011118	0.004730	0.008297	-0.008429	0.006285	-0.002474	-0.000292	-0.004508	-0.008355	-0.012831	0.004666	0.003390	-0.001111	-0.008637	-0.008973	-0.003867	-0.000013	0.005714	-0.007891	-0.007177	-0.016894	-0.011598	-0.012366	-0.004930	0.006886	-0.000435	0.000881	-0.004170	-0.012441	0.001606	-0.002215	-0.006374	0.002695	-0.007157	0.004591	-0.009514	-0.010174	-0.004222	-0.003845	-0.004931	-0.005371	0.000510	-0.006053	-0.005206	-0.002098	0.001884	-0.007074	-0.007129	-0.001919	0.007729	-0.006562	0.002692	0.002509	0.006222	-0.000225	0.004731	-0.000292	0.005406	-0.011961	-0.007473	
-0.004244	-0.008949	-0.008891	-0.003217	-0.005454	-0.006211	0.015341	-0.010308	0.001769	0.579037	0.001875	-0.000437	-0.012447	0.004002	0.009969	0.003983	0.005358	0.007556	-0.006644	0.006881	-0.003082	-0.001858	-0.002593	0.002050	0.005632	-0.013342	-0.002225	-0.003611	0.004494	-0.000717	-0.014896	-0.001915	0.003433	-0.009403	0.002837	-0.009811	-0.004933	-0.007072	0.010436	-0.000308	-0.005364	0.002368	-0.000026	-0.002490	-0.002253	-0.006116	-0.008356	0.005332	-0.012767	-0.001152	0.003831	0.000456	-0.003758	-0.013619	0.003842	0.017740	-0.000791	0.003804	0.004191	-0.011727	0.005884	0.001061	0.001023	-0.011653	0.005519	0.001585	-0.007263	0.008534	-0.023723	-0.001725	-0.010069	-0.011638	-0.005884	-0.002224	-0.011120	-0.005510	-0.003508	-0.006271	-0.002526	0.001451	-0.005917	-0.009275	-0.020117	-0.013148	-0.004947	-0.001659	-0.005980	-0.008154	-0.016930	0.001437	0.000310	0.001385	0.002832	-0.000899	-0.015985	0.001958	0.011767	-0.007398	0.001931	-0.004670	-0.002025	-0.005931	0.000523	0.002405	-0.012738	-0.000230	-0.008228	-0.001271	0.000128	-0.006827	
0.007231	-0.000220	-0.009088	-0.002499	0.009797	-0.003662	-0.001219	-0.010505	0.002831	0.001875	0.572071	-0.004982	-0.007265	0.002890	-0.002472	0.005846	0.001958	-0.010263	-0.004667	0.005998	0.006104	0.007558	-0.004278	0.005172	-0.009212	-0.003698	-0.010203	-0.001976	0.002810	-0.000684	0.001157	-0.009321	0.005067	-0.000216	-0.001822	0.013908	-0.006617	-0.004865	0.002687	-0.010231	-0.012540	-0.007555	-0.007889	0.017910	-0.012748	0.002270	-0.002603	-0.004705	0.005231	-0.005811	-0.006549	0.000717	-0.007846	-0.011184	-0.006654	-0.002482	0.004734	-0.006348	0.002049	-0.005515	0.009463	-0.000966	0.013642	0.001310	0.003377	0.001274	-0.000937	0.000442	-0.011333	-0.013021	-0.004086	-0.006571	-0.020613	-0.014779	-0.007999	0.019811	0.000758	-0.008298	-0.016454	-0.006412	-0.000735	-0.001690	-0.008527	-0.008996	-0.006060	-0.004602	-0.010640	-0.001713	-0.011291	-0.007228	-0.004349	-0.003847	0.006068	-0.008190	-0.005883	-0.002587	0.001729	0.001559	-0.006505	0.007492	-0.000963	0.007719	-0.004365	-0.012324	0.001255	-0.014387	-0.011629	-0.002269	-0.004531	-0.002561	
0.001029	0.008110	-0.013573	-0.008701	0.002451	0.013022	-0.001585	0.004348	-0.005546	-0.000437	-0.004982	0.770400	-0.004198	0.011907	-0.001579	-0.002072	0.043244	-0.007883	0.000918	-0.010731	0.000360	0.008793	-0.017574	0.014189	-0.004772	-0.010472	-0.006678	-0.009666	-0.002820	0.001581	-0.014314	0.009194	0.003328	-0.001040	0.000901	-0.007742	-0.015337	0.002664	-0.007749	-0.021468	-0.011190	-0.006205	-0.005624	-0.004197	-0.011055	-0.005076	-0.006974	-0.006101	-0.005892	-0.010754	-0.019961	0.003440	-0.014162	0.006301	-0.005189	0.005391	-0.006846	-0.000535	-0.012392	-0.010459	-0.010241	-0.000417	0.001604	0.000829	-0.008432	-0.004012	-0.000617	0.013922	-0.008952	-0.006979	-0.003079	-0.012201	-0.008049	0.008427	-0.008250	0.000678	0.000507	0.002779	0.001489	-0.013072	0.002331	-0.004116	-0.014271	-0.007074	-0.003451	-0.010919	-0.008603	-0.011920	-0.013145	-0.013659	-0.001626	0.006314	-0.007458	0.010554	0.003935	-0.002038	0.003079	-0.005901	-0.002179	-0.002829	-0.007623	-0.001230	-0.018806	-0.005023	-0.003117	-0.006743	-0.005816	-0.004924	-0.005241	-0.007276	
-0.008921	-0.010537	0.007945	0.000230	0.001998	-0.007341	0.004027	-0.004801	-0.006685	-0.012447	-0.007265	-0.004198	0.664917	-0.003193	-0.006494	-0.002754	-0.006871	-0.005246	-0.004455	-0.001343	-0.009132	-0.002301	-0.003837	-0.004686	-0.000761	-0.000054	-0.002897	-0.000049	-0.004302	-0.002991	0.001711	0.000617	-0.005936	0.019677	0.001249	0.000617	-0.001485	-0.007973	-0.010490	0.001766	-0.000657	0.010278	-0.004817	-0.001217	0.005085	0.018616	0.012370	-0.004036	-0.001539	0.001495	-0.000045	-0.008570	-0.001455	-0.002162	-0.008731	-0.008793	-0.001005	-0.003733	-0.010899	0.000303	-0.010236	-0.004188	-0.001366	-0.004315	-0.001790	-0.002176	0.006826	-0.006899	0.004899	0.003554	0.005623	0.000162	0.002713	-0.004155	0.016357	-0.005038	-0.006239	-0.008888	-0.017845	-0.006888	-0.002698	-0.002166	-0.003624	0.003917	-0.003674	0.004649	-0.013976	0.002617	-0.005358	-0.006902	-0.011233	-0.005467	-0.009741	-0.015989	0.000279	-0.011530	-0.005841	-0.004637	-0.019110	-0.009919	0.004512	-0.010951	-0.001980	-0.004789	-0.009291	-0.003763	-0.004895	-0.004346	-0.009927	-0.007614	
0.015080	0.009803	-0.010164	0.009813	0.001855	0.001899	-0.009734	-0.005288	-0.003853	0.004002	0.002890	0.011907	-0.003193	0.833927	-0.000230	-0.012852	0.002598	0.001819	-0.015470	-0.019681	0.004112	-0.000843	-0.016797	0.009359	-0.002049	-0.012442	0.001994	-0.020790	-0.011770	-0.003363	-0.000492	-0.006736	0.001816	-0.004154	-0.010566	-0.025845	-0.003231	-0.006857	-0.005027	-0.009248	-0.023458	-0.010120	0.006368	0.005848	-0.017601	-0.011508	-0.007570	-0.012419	-0.004314	0.008446	0.001528	0.015088	-0.005375	-0.015579	-0.021004	-0.002758	-0.013621	0.016491	-0.005435	-0.012771	-0.003171	0.001962	-0.010778	-0.017275	0.003444	0.001456	-0.012541	0.008291	-0.007146	-0.018103	-0.002302	0.002536	0.002226	-0.005214	0.000194	0.005918	0.006548	-0.002166	0.007987	-0.009549	0.003337	-0.000822	-0.014753	-0.008128	-0.009768	-0.015520	0.008423	-0.003705	-0.004472	0.001308	-0.010575	0.002400	0.005449	-0.001829	0.020160	-0.006296	-0.006900	-0.013363	-0.014905	-0.008460	-0.000095	-0.002169	0.003598	0.001132	0.004641	-0.018553	-0.014308	-0.007579	0.000228	-0.006270	
0.017957	0.035909	0.000723	0.008571	-0.007741	-0.003005	-0.002737	-0.005958	-0.007269	0.009969	-0.002472	-0.001579	-0.006494	-0.000230	0.588199	-0.007458	-0.003565	-0.003885	-0.003552	0.013406	0.002184	-0.006776	0.007479	-0.002067	-0.000087	-0.008077	-0.005770	-0.005783	-0.003857	0.000773	0.001127	-0.000769	0.000460	-0.013291	-0.011350	-0.007520	0.002965	0.001741	-0.001348	-0.003281	-0.005361	-0.011018	-0.003571	-0.004548	-0.001450	-0.002337	-0.002747	0.000071	-0.011735	0.006403	-0.000057	0.008353	-0.000209	-0.005264	0.004988	0.003667	-0.001933	-0.003403	-0.004274	-0.000511	-0.004413	-0.010265	0.007204	-0.003183	-0.005121	-0.001159	-0.009321	0.001785	-0.015139	-0.002638	0.004695	-0.016214	-0.013892	-0.011262	-0.006884	0.000442	-0.003506	-0.009587	-0.011907	-0.010219	0.002667	-0.000691	-0.015766	-0.004106	-0.010552	-0.002573	-0.005521	-0.005176	-0.009834	-0.014925	-0.013419	-0.001016	-0.001972	0.000248	0.012625	-0.010627	0.001127	0.002445	0.001933	-0.005125	-0.002252	-0.001237	-0.005311	-0.009036	-0.003696	-0.005148	-0.001818	-0.001841	-0.001701	-0.003621	
-0.005651	-0.010127	-0.003317	-0.005425	0.025065	-0.006931	0.001118	-0.004048	0.004482	0.003983	0.005846	-0.002072	-0.002754	-0.012852	-0.007458	0.529241	-0.006461	-0.000030	-0.006906	0.006276	-0.004603	-0.008528	-0.009950	-0.002446	-0.003212	0.001729	0.001518	-0.002156	-0.008699	0.012982	0.011848	-0.013735	0.003514	0.004639	0.000401	0.002400	-0.000389	-0.001498	0.003308	0.003092	-0.005969	-0.010253	0.008294	-0.005728	-0.003087	0.005294	-0.003927	-0.001338	-0.002387	-0.001871	-0.004670	-0.001981	-0.004593	-0.000722	0.001634	0.002144	0.000092	-0.004239	-0.005225	-0.008785	0.007338	-0.006067	-0.006792	0.006279	-0.002982	-0.006344	-0.007754	-0.010609	-0.002587	0.000645	-0.003694	-0.003433	-0.002942	-0.004546	0.000976	-0.022937	-0.008576	-0.001956	-0.009654	-0.001901	0.007209	-0.010224	0.008686	-0.004942	0.001427	-0.002150	-0.003954	-0.003152	-0.012959	-0.013472	-0.016087	-0.013296	0.002570	-0.005280	-0.011899	-0.000021	-0.003028	-0.002282	0.002355	-0.002643	-0.002402	0.004793	-0.006032	-0.006897	0.024876	-0.000835	0.003067	-0.014464	-0.001851	-0.009836	
0.014720	0.010015	-0.004574	-0.002448	0.002410	0.004743	-0.004601	-0.004618	-0.015313	0.005358	0.001958	0.043244	-0.006871	0.002598	-0.003565	-0.006461	0.559230	-0.001973	-0.000954	0.000671	0.005469	0.003947	-0.009834	0.016552	-0.002981	-0.011657	0.003236	-0.018518	-0.005607	-0.005554	-0.004170	0.004118	-0.007011	-0.016300	-0.008981	-0.015106	-0.019039	-0.004700	-0.002755	-0.004001	-0.005967	0.000277	-0.002231	0.017046	-0.003200	0.003923	0.002941	-0.010147	-0.014744	-0.004616	-0.005812	0.006032	-0.020153	-0.012849	0.002437	0.002146	-0.017300	0.000912	-0.007054	-0.001002	-0.004560	0.018538	0.001449	-0.000699	0.002283	-0.008058	0.005293	0.000836	-0.004988	-0.005074	0.000428	-0.013844	-0.011865	-0.010494	0.000291	0.002125	0.003212	-0.014083	-0.011025	-0.008421	0.003778	-0.013082	-0.016601	-0.013637	-0.000630	-0.013705	-0.003723	-0.010702	0.000889	-0.004774	0.000965	-0.004826	0.009895	0.009025	-0.005374	-0.007113	-0.001310	0.009277	-0.009887	-0.003213	0.002864	0.014292	-0.007861	-0.007009	0.010346	-0.011704	0.002726	-0.009885	-0.000819	-0.001251	
-0.000248	-0.006440	0.002658	-0.002654	0.000946	-0.001414	-0.002518	0.008450	0.008054	0.007556	-0.010263	-0.007883	-0.005246	0.001819	-0.003885	-0.000030	-0.001973	0.516754	-0.007453	0.004928	-0.012817	-0.003010	-0.003746	0.001356	-0.011312	-0.000649	-0.004751	0.001301	0.005630	-0.000725	0.007295	-0.002381	0.006171	-0.002660	0.001913	-0.011192	-0.000135	0.008139	0.003104	-0.001117	-0.000680	-0.001875	0.001110	-0.003757	0.006206	-0.004865	-0.004245	-0.008865	-0.000989	-0.002876	-0.005789	0.003880	-0.005826	-0.002871	-0.000286	-0.001950	-0.005147	-0.005015	-0.012524	-0.011735	-0.004538	-0.001694	-0.000931	-0.013035	-0.003873	0.014050	-0.008072	0.006009	-0.005423	-0.000589	-0.009162	-0.014393	-0.010812	-0.000974	0.003747	0.007870	0.005295	-0.011657	-0.001161	0.002702	-0.002721	-0.009054	-0.009025	0.001376	-0.005642	-0.002926	-0.008964	0.005455	-0.017167	-0.003950	-0.003932	-0.014415	-0.007704	-0.003997	-0.003749	-0.000797	0.009355	0.010902	-0.010779	-0.012116	0.000026	-0.005023	-0.004405	-0.002409	0.000642	-0.004014	-0.001485	-0.005513	0.006871	-0.003288	
-0.003119	-0.002903	0.005623	-0.019943	-0.004443	0.006014	-0.011454	0.015763	-0.014614	-0.006644	-0.004667	0.000918	-0.004455	-0.015470	-0.003552	-0.006906	-0.000954	-0.007453	0.608485	-0.010187	-0.009623	-0.005882	-0.011652	-0.010784	-0.001024	-0.012331	0.000159	0.007585	-0.004450	0.004757	-0.004387	0.014544	0.000897	0.043674	-0.008739	0.012027	-0.002549	-0.013613	-0.011553	-0.005934	-0.005153	-0.007492	-0.001990	0.001725	-0.001471	0.005194	-0.005057	-0.003154	0.001060	-0.009524	-0.015183	-0.006772	-0.007897	0.019432	-0.009107	-0.006538	-0.012252	-0.009145	0.004173	0.019608	-0.002717	-0.009828	0.004551	-0.003090	0.005042	-0.000264	0.007708	-0.003042	-0.002801	0.009242	0.012684	0.002532	-0.007276	-0.008193	-0.008164	-0.001181	-0.004785	0.003094	0.013476	-0.001657	-0.012344	-0.000597	-0.004115	-0.006530	-0.004852	-0.006827	0.005215	0.002241	-0.002188	-0.006707	0.008645	-0.004928	-0.004625	-0.009957	0.000131	-0.013738	-0.000954	-0.010049	-0.002322	-0.006176	-0.005706	-0.007895	-0.013227	-0.011688	-0.007836	-0.011463	0.002280	-0.012618	-0.007786	0.003910	
-0.003782	-0.010776	-0.002708	0.007886	-0.002818	-0.003461	0.003444	-0.001493	-0.000173	0.006881	0.005998	-0.010731	-0.001343	-0.019681	0.013406	0.006276	0.000671	0.004928	-0.010187	0.540376	0.003444	-0.005744	-0.007853	0.014070	-0.012100	-0.003268	-0.003594	-0.000517	0.000722	0.002606	-0.001045	-0.002597	0.004810	0.009940	0.000324	-0.001110	-0.005043	0.013072	0.006206	-0.009458	0.008143	-0.008270	-0.012838	-0.012098	0.013428	0.003501	-0.014875	-0.001529	-0.006126	0.002400	-0.002344	-0.002515	-0.005356	-0.010869	0.002816	-0.005485	0.003448	-0.014615	-0.005760	-0.007603	0.001997	0.006100	-0.006297	0.005287	-0.009353	0.006281	-0.005428	0.015633	-0.004152	-0.005382	-0.005716	-0.012550	-0.008168	-0.012976	-0.008599	0.026992	0.000959	-0.019884	-0.015910	-0.005525	0.002898	-0.020485	-0.001918	-0.010054	-0.013297	-0.011038	-0.016618	-0.005289	-0.011434	-0.013549	-0.010328	-0.009253	-0.002085	0.001966	-0.011976	-0.005819	-0.005279	0.026935	0.001134	-0.001690	0.004501	0.000024	0.004418	-0.006859	-0.005067	-0.007320	-0.003647	0.008231	-0.009022	0.009769	
-0.002532	0.002375	-0.007293	-0.000475	-0.003055	-0.001867	-0.004688	0.003648	0.001764	-0.003082	0.006104	0.000360	-0.009132	0.004112	0.002184	-0.004603	0.005469	-0.012817	-0.009623	0.003444	0.552930	-0.003807	-0.004428	-0.003561	-0.004671	-0.008998	0.012761	-0.009565	0.002201	-0.004497	-0.006203	-0.009700	0.006404	-0.017303	0.000544	-0.007755	-0.005051	0.001621	0.004482	-0.010725	-0.013149	-0.005074	0.003174	0.007461	-0.007407	-0.006578	-0.004584	0.006129	0.006796	0.006740	-0.010820	0.002855	-0.003419	-0.012593	-0.007148	-0.004006	0.007444	-0.000548	-0.014236	0.001657	-0.000986	-0.002948	0.001133	0.003562	-0.005585	-0.003339	-0.011844	0.011963	-0.011483	-0.002644	0.005146	-0.016220	-0.009778	-0.009895	-0.001398	0.001123	0.010792	-0.011767	-0.007908	-0.006334	0.004835	-0.007448	-0.005131	-0.009147	-0.004723	-0.009216	-0.007014	0.001340	-0.002516	-0.002344	-0.000152	-0.001023	0.001798	-0.002963	0.005867	-0.009146	0.001464	-0.006029	-0.014322	-0.003644	-0.001801	-0.001014	0.003494	0.001714	-0.003931	-0.000921	0.013509	0.003645	0.002870	-0.010836	
0.002011	-0.003839	-0.008357	0.002122	0.000343	-0.001787	0.003058	0.003843	-0.003648	-0.001858	0.007558	0.008793	-0.002301	-0.000843	-0.006776	-0.008528	0.003947	-0.003010	-0.005882	-0.005744	-0.003807	0.577281	0.003662	-0.000963	-0.012830	-0.005371	-0.007413	-0.006396	0.000679	-0.011626	-0.000173	-0.012710	-0.006332	-0.003148	-0.006699	-0.011108	-0.005200	-0.005394	-0.006538	-0.009386	-0.009750	0.001643	-0.002582	-0.003101	0.000340	-0.013020	-0.000614	-0.004433	-0.006398	0.000412	-0.001814	0.010601	-0.004140	0.007626	-0.004092	-0.007702	-0.005750	0.002965	-0.007061	-0.008218	0.009049	-0.002296	-0.004966	0.000438	0.004221	0.000975	0.003798	0.001401	-0.003050	-0.006340	-0.012167	-0.013279	0.000143	-0.005238	-0.000288	-0.002001	-0.005835	-0.011687	-0.011146	0.001985	-0.010533	0.004876	-0.002991	-0.012385	0.004969	-0.004558	0.003479	-0.009565	-0.003237	0.001627	0.001301	0.004550	-0.004759	-0.003226	0.000569	-0.000941	-0.002461	-0.001258	-0.000511	-0.004823	-0.003323	0.001469	0.001972	-0.007474	0.003701	-0.000497	0.004320	-0.002454	-0.002428	-0.001030	
-0.012685	-0.003086	0.000977	-0.004907	0.007389	-0.003095	-0.010264	-0.010281	-0.000035	-0.002593	-0.004278	-0.017574	-0.003837	-0.016797	0.007479	-0.009950	-0.009834	-0.003746	-0.011652	-0.007853	-0.004428	0.003662	0.550309	-0.001355	-0.008072	0.001675	-0.002885	-0.013425	0.002919	0.000340	-0.003082	-0.007838	0.000714	-0.011092	-0.001713	0.010699	0.002532	0.003941	0.032777	0.004640	0.001873	0.002280	-0.002516	-0.017568	-0.004171	-0.001168	-0.007757	-0.005397	0.002136	-0.005816	0.057297	-0.010159	-0.003388	-0.000547	-0.000136	-0.004204	0.000266	-0.013905	-0.003563	-0.005406	-0.009423	-0.005434	-0.008219	-0.005447	-0.002693	-0.003308	-0.003918	-0.006887	-0.012482	0.000362	-0.009698	-0.006119	-0.010434	0.022978	-0.001252	-0.010633	-0.007028	-0.017687	-0.013141	0.019100	0.005667	-0.003641	-0.000522	-0.009116	0.000114	-0.015020	-0.014307	-0.005266	-0.014844	-0.016387	-0.001951	0.005302	-0.007554	-0.004190	-0.009778	0.010453	-0.003769	-0.011262	0.005620	0.020532	-0.001884	-0.012769	0.005128	0.013189	-0.009278	0.013071	-0.003281	0.014204	-0.007626	0.003842	
-0.004379	0.005334	-0.001245	0.003971	0.000704	0.002808	0.002847	-0.007125	-0.003058	0.002050	0.005172	0.014189	-0.004686	0.009359	-0.002067	-0.002446	0.016552	0.001356	-0.010784	0.014070	-0.003561	-0.000963	-0.001355	0.564535	0.006870	-0.002721	-0.009684	-0.001801	-0.001134	-0.003598	-0.016518	-0.000334	0.001238	0.000875	0.001443	-0.010861	-0.005068	-0.000799	-0.010297	-0.003647	-0.003210	-0.006922	-0.000161	0.006185	0.001159	-0.013231	0.001578	-0.006475	0.000944	-0.006436	-0.015414	0.001694	-0.005725	-0.014555	-0.004418	-0.000132	-0.007906	0.002296	-0.009790	0.004044	-0.014162	0.016374	0.002375	-0.006181	0.006299	-0.000724	-0.006483	0.000732	-0.003490	-0.002661	-0.004139	-0.011774	-0.024213	-0.001787	-0.006678	-0.010452	-0.005474	-0.027118	-0.007925	0.001774	0.000013	-0.009067	-0.007321	0.000677	-0.002680	-0.004998	-0.010578	-0.003940	-0.006652	-0.003161	-0.001656	-0.015915	0.003955	0.006518	0.005965	-0.014426	-0.003245	0.003795	-0.005528	-0.007208	0.009855	-0.002175	0.003363	-0.011690	-0.001774	-0.008947	0.005253	-0.004725	0.005485	0.000018	
-0.007549	0.005482	0.010118	-0.008010	-0.011391	-0.001049	-0.002268	-0.011553	-0.007601	0.005632	-0.009212	-0.004772	-0.000761	-0.002049	-0.000087	-0.003212	-0.002981	-0.011312	-0.001024	-0.012100	-0.004671	-0.012830	-0.008072	0.006870	0.565130	-0.005433	-0.002555	-0.006229	-0.001557	-0.010887	-0.007787	-0.006593	-0.015663	0.012924	0.008000	0.011830	-0.003203	-0.000765	0.003813	0.005542	0.007580	0.001695	0.006396	-0.016094	-0.005100	0.006142	-0.003651	0.002829	0.004182	-0.002740	0.008193	-0.003307	0.001061	0.002071	-0.002324	0.002534	-0.001235	-0.001446	0.009697	0.018954	-0.002685	-0.007508	0.000464	0.000032	-0.002249	-0.003093	0.000417	-0.003467	0.001350	-0.005716	-0.006279	-0.006704	0.002598	0.000421	0.004456	-0.003895	-0.002464	-0.014038	-0.001826	-0.010665	-0.009909	0.002754	-0.004998	-0.009816	0.002046	-0.000730	-0.006654	-0.010886	-0.002041	0.006142	-0.010547	-0.008443	-0.004364	0.000946	-0.013110	-0.012790	-0.005728	-0.009330	-0.000344	-0.007860	-0.000982	-0.004658	-0.005642	0.001732	-0.008147	-0.008226	0.002084	-0.004118	0.001629	-0.012192	
-0.005697	-0.006169	-0.000732	-0.001009	-0.008738	-0.002401	-0.008197	0.003687	-0.006207	-0.013342	-0.003698	-0.010472	-0.000054	-0.012442	-0.008077	0.001729	-0.011657	-0.000649	-0.012331	-0.003268	-0.008998	-0.005371	0.001675	-0.002721	-0.005433	0.513949	0.000784	-0.002318	-0.003711	-0.002399	0.006079	0.003612	-0.009807	0.004706	0.006304	0.001323	0.006773	-0.004520	0.001202	0.038747	-0.001667	0.001258	-0.008231	-0.011725	0.001214	0.010854	0.002663	0.011432	0.010153	-0.001918	-0.004717	-0.009008	0.053147	0.002321	-0.008940	-0.003853	-0.001100	0.001092	-0.003098	-0.002996	-0.003351	0.000981	-0.008898	0.000625	-0.014930	-0.003873	-0.004711	-0.015118	0.005491	-0.011417	-0.012895	0.001555	-0.000471	-0.000244	0.004934	-0.006964	-0.001185	-0.014246	-0.004437	0.004117	-0.007714	-0.006723	0.006236	-0.000526	-0.004227	-0.001739	-0.008006	-0.010866	0.000726	-0.010315	-0.008238	-0.007507	-0.008806	-0.004412	-0.014692	0.005311	0.001159	0.009686	-0.006388	-0.005780	-0.002334	-0.005553	0.001244	-0.000536	-0.003893	-0.006718	-0.003846	-0.005814	-0.004072	-0.010684	
-0.021700	-0.011186	0.003176	0.002327	-0.003342	-0.005816	-0.002687	-0.001216	-0.002871	-0.002225	-0.010203	-0.006678	-0.002897	0.001994	-0.005770	0.001518	0.003236	-0.004751	0.000159	-0.003594	0.012761	-0.007413	-0.002885	-0.009684	-0.002555	0.000784	0.532786	0.008914	-0.007011	0.001052	-0.002828	-0.010674	-0.006928	-0.006376	0.002088	-0.004037	-0.005110	0.000304	-0.004045	0.000545	0.000410	0.001275	-0.000775	-0.016971	-0.005405	-0.001944	0.001079	0.008703	-0.004019	-0.003388	-0.012709	-0.011050	0.004647	-0.001895	-0.011325	-0.010243	-0.004286	-0.007358	-0.008230	0.000340	0.002961	0.008665	-0.008881	-0.002904	-0.007131	0.002324	-0.007211	-0.005031	0.002762	0.005079	0.006003	-0.010213	-0.001140	-0.015446	0.001862	-0.002369	-0.001739	-0.003472	-0.013459	-0.001930	0.001916	0.004852	0.003851	0.000636	0.002314	-0.004468	0.001395	0.000137	-0.007152	0.013160	-0.005131	0.000292	0.000252	-0.003135	-0.005863	-0.003940	-0.002943	-0.002884	0.004500	-0.004618	0.001460	-0.001988	-0.006176	-0.002006	-0.000099	0.001767	0.012078	-0.006712	0.002240	-0.010094	
-0.014618	-0.014517	-0.009653	-0.000889	-0.017659	0.016256	0.003022	0.011244	-0.002540	-0.003611	-0.001976	-0.009666	-0.000049	-0.020790	-0.005783	-0.002156	-0.018518	0.001301	0.007585	-0.000517	-0.009565	-0.006396	-0.013425	-0.001801	-0.006229	-0.002318	0.008914	0.558597	-0.003591	0.000009	-0.013368	0.006478	-0.015180	0.006657	-0.003074	0.012199	-0.000659	0.001893	-0.005888	-0.005074	0.003144	-0.001712	-0.003190	0.006704	0.000075	0.000675	0.012738	0.004800	0.001690	-0.003172	-0.002537	-0.012779	0.001888	0.012739	-0.007104	-0.007967	0.014468	-0.010231	-0.003322	-0.002075	-0.005863	-0.008397	-0.004545	-0.005091	0.002697	-0.012450	-0.001960	-0.005043	-0.001141	0.008156	0.011140	0.005451	-0.002640	-0.007448	-0.000782	-0.001237	-0.003239	0.002923	0.008385	0.000003	-0.004504	-0.002827	0.003381	-0.002810	-0.007425	0.000211	-0.002050	0.006190	0.003478	0.001133	0.004812	-0.017228	-0.014751	-0.000630	0.000533	-0.008416	-0.001697	0.002825	-0.000089	-0.009665	-0.011255	-0.001657	-0.000810	-0.008884	-0.004574	-0.009001	-0.012766	-0.008326	-0.007385	-0.014912	
0.001840	-0.013278	-0.016424	-0.001367	0.000745	-0.009739	0.005176	-0.012234	0.007739	0.004494	0.002810	-0.002820	-0.004302	-0.011770	-0.003857	-0.008699	-0.005607	0.005630	-0.004450	0.000722	0.002201	0.000679	0.002919	-0.001134	-0.001557	-0.003711	-0.007011	-0.003591	0.548906	-0.004015	0.002060	-0.003955	0.007801	0.000229	0.001941	-0.010821	-0.002510	0.008167	0.000844	-0.002462	-0.002941	0.004104	-0.001608	-0.007505	0.006807	-0.005753	-0.001242	-0.001971	0.001785	0.005047	-0.004502	-0.007763	-0.000077	-0.003530	0.009926	0.005859	0.005180	-0.000524	-0.010894	-0.009419	0.000297	-0.002924	-0.006281	-0.002479	-0.005447	0.074268	-0.006328	-0.011585	-0.008256	-0.002964	-0.017372	-0.008758	-0.009869	0.008781	-0.004120	-0.001142	0.004522	-0.016778	-0.013148	0.006620	-0.004295	-0.002847	-0.004763	-0.007407	-0.003783	-0.013197	-0.009279	-0.009278	-0.011304	-0.005638	-0.011228	0.002091	-0.000238	-0.002367	-0.005666	-0.001570	-0.006751	-0.009095	-0.002970	-0.004192	-0.005553	0.002443	-0.012960	0.001052	-0.004708	-0.001126	0.003234	-0.010635	-0.008778	-0.002345	
-0.005201	0.000049	-0.009505	-0.002687	-0.006411	0.017091	-0.006900	0.002009	-0.005711	-0.000717	-0.000684	0.001581	-0.002991	-0.003363	0.000773	0.012982	-0.005554	-0.000725	0.004757	0.002606	-0.004497	-0.011626	0.000340	-0.003598	-0.010887	-0.002399	0.001052	0.000009	-0.004015	0.560333	-0.004181	-0.000355	-0.007823	-0.005783	-0.003498	-0.001270	0.003493	-0.012949	-0.003566	-0.001494	-0.006321	-0.002823	-0.009336	0.001130	-0.000693	-0.001237	-0.001990	-0.003406	-0.005142	-0.006342	-0.006166	0.003389	-0.009636	0.003504	0.006318	0.014151	-0.008613	0.002847	0.005065	-0.012570	0.000807	-0.007219	-0.006915	-0.008376	-0.003677	-0.007267	0.000019	-0.008672	-0.007859	-0.004513	0.005109	0.004226	-0.010159	-0.005470	-0.012077	-0.012646	-0.015107	0.016688	0.008532	-0.007516	0.004226	-0.017556	-0.003909	-0.006095	-0.011740	-0.008567	0.000043	-0.005220	-0.000151	-0.008331	0.010109	-0.013876	0.005765	-0.004144	0.013954	-0.013761	0.006347	-0.007440	0.005093	-0.001736	0.003540	-0.000022	-0.003294	-0.008393	0.011365	-0.005535	-0.005295	-0.008751	0.005350	-0.010531	
-0.004848	-0.007379	0.003436	-0.001075	0.008704	-0.001665	0.007872	0.000532	-0.009706	-0.014896	0.001157	-0.014314	0.001711	-0.000492	0.001127	0.011848	-0.004170	0.007295	-0.004387	-0.001045	-0.006203	-0.000173	-0.003082	-0.016518	-0.007787	0.006079	-0.002828	-0.013368	0.002060	-0.004181	0.530851	-0.013733	-0.003922	0.006357	0.005094	-0.003663	0.005907	-0.004357	0.004226	-0.003429	-0.000932	-0.002355	0.003032	0.003200	0.006069	0.015709	-0.006671	0.001296	-0.001241	0.010031	0.004601	-0.007929	-0.006078	-0.009531	0.006099	-0.004720	-0.001279	-0.001948	-0.000074	-0.002260	-0.009939	-0.003776	-0.001068	0.003764	-0.020145	0.001440	-0.003633	0.007130	-0.007620	-0.006676	-0.015364	0.001490	-0.005457	-0.005345	-0.002112	-0.003825	-0.008459	-0.006760	-0.021896	-0.008650	0.009958	-0.010908	-0.000237	-0.004368	-0.001317	0.000598	-0.007957	-0.006011	-0.004031	-0.020107	-0.007388	-0.015811	-0.005095	0.011886	-0.010180	-0.002078	-0.002225	0.008476	-0.005538	-0.001955	0.008471	-0.003330	-0.003627	-0.010671	0.001191	0.008092	0.000895	-0.005994	0.002271	-0.002739	
-0.006514	-0.002980	-0.000405	-0.013383	-0.022485	0.033514	-0.003636	0.006417	-0.003820	-0.001915	-0.009321	0.009194	0.000617	-0.006736	-0.000769	-0.013735	0.004118	-0.002381	0.014544	-0.002597	-0.009700	-0.012710	-0.007838	-0.000334	-0.006593	0.003612	-0.010674	0.006478	-0.003955	-0.000355	-0.013733	0.611838	-0.003643	-0.004578	0.001711	-0.002583	-0.018875	-0.011058	-0.010715	-0.006125	0.001979	-0.001962	-0.004356	0.006454	-0.011732	-0.008042	-0.000671	-0.004146	-0.014808	-0.010058	-0.013429	0.001962	-0.003625	0.006654	-0.009757	-0.003411	-0.006264	-0.001441	0.005240	0.002252	0.001097	-0.003726	0.024156	-0.008774	0.018125	-0.004918	0.000880	-0.002890	0.004788	0.002070	0.005055	-0.003266	-0.004950	0.005233	-0.013276	-0.011671	-0.005320	0.007365	0.018891	-0.009744	-0.000749	-0.006396	-0.005337	0.002433	-0.003670	-0.008850	-0.006648	-0.000811	0.000596	-0.003465	0.002389	-0.000199	-0.015458	-0.003397	0.005318	-0.004317	-0.007782	-0.000056	-0.010752	-0.000760	-0.004524	-0.002021	-0.021428	0.002538	-0.008028	-0.007763	-0.001458	-0.003884	-0.006490	-0.000973	
0.001580	-0.006100	-0.001236	-0.000139	0.007351	-0.004850	-0.003895	0.000551	0.000498	0.003433	0.005067	0.003328	-0.005936	0.001816	0.000460	0.003514	-0.007011	0.006171	0.000897	0.004810	0.006404	-0.006332	0.000714	0.001238	-0.015663	-0.009807	-0.006928	-0.015180	0.007801	-0.007823	-0.003922	-0.003643	0.564115	-0.010444	0.010149	0.010203	-0.006089	0.005275	-0.006969	-0.008558	-0.010868	-0.006798	-0.004958	0.000473	-0.003981	0.003485	-0.004477	-0.006465	-0.001450	0.009479	-0.008653	0.004335	-0.004342	-0.009511	-0.002234	0.005599	-0.004921	0.000818	-0.014701	-0.009907	-0.001680	-0.003527	-0.000934	0.002296	-0.004334	0.003634	-0.001667	0.011841	-0.003023	-0.008373	-0.004359	-0.016113	-0.016652	-0.007156	0.000311	0.008668	0.007466	-0.011203	-0.005970	-0.007715	0.000136	-0.001162	-0.001362	0.000458	-0.016631	-0.003845	-0.006106	-0.005190	-0.009618	-0.006356	0.000070	-0.003433	-0.005762	0.002065	-0.002837	0.001374	0.000655	0.009297	-0.009295	-0.003422	0.000938	-0.006972	-0.011046	-0.001497	0.001554	-0.011227	-0.008469	-0.003113	-0.000570	-0.003864	
-0.010912	-0.013214	-0.003659	0.001214	-0.001938	-0.014024	0.000091	-0.008852	-0.002497	-0.009403	-0.000216	-0.001040	0.019677	-0.004154	-0.013291	0.004639	-0.016300	-0.002660	0.043674	0.009940	-0.017303	-0.003148	-0.011092	0.000875	0.012924	0.004706	-0.006376	0.006657	0.000229	-0.005783	0.006357	-0.004578	-0.010444	0.536115	0.000288	0.005377	0.003733	-0.000809	-0.000466	0.001263	0.001128	0.006570	-0.003261	-0.020716	-0.001255	0.007928	0.006145	-0.004196	0.001620	-0.000725	-0.007414	-0.009302	-0.001043	0.005231	-0.002941	0.000430	-0.005056	0.002514	-0.001905	0.006322	-0.002501	-0.004234	-0.006675	0.007082	-0.005154	-0.005540	-0.000886	0.004269	0.004052	0.008085	-0.002891	0.004007	-0.002368	-0.008663	-0.000166	-0.009089	-0.018300	-0.001954	-0.009766	-0.001555	-0.016933	-0.002555	0.001479	0.003985	-0.008869	0.009066	0.004516	0.010238	0.005352	-0.000082	-0.004298	-0.010204	-0.013334	-0.014089	-0.011439	-0.005282	-0.006802	-0.006629	-0.012404	-0.008134	-0.009952	-0.012255	0.003238	-0.004263	-0.009909	-0.008157	-0.009404	-0.004392	-0.005053	-0.008804	
-0.011832	-0.017109	-0.004464	0.003155	-0.000111	0.003022	0.003405	0.009110	0.003793	0.002837	-0.001822	0.000901	0.001249	-0.010566	-0.011350	0.000401	-0.008981	0.001913	-0.008739	0.000324	0.000544	-0.006699	-0.001713	0.001443	0.008000	0.006304	0.002088	-0.003074	0.001941	-0.003498	0.005094	0.001711	0.010149	0.000288	0.537472	0.000681	-0.003252	-0.002072	0.010515	0.005607	0.013711	-0.003275	0.000511	-0.004128	0.003776	0.004262	-0.000153	0.015367	0.000128	-0.001301	0.002881	-0.008963	0.000555	-0.007590	0.005065	-0.003923	-0.003000	0.000222	0.002325	-0.001349	-0.001017	0.004230	-0.011714	-0.008942	0.002165	0.006013	0.000483	-0.008437	-0.001102	0.008424	-0.005756	-0.004007	-0.011641	-0.011871	-0.000743	-0.014128	-0.013384	-0.010082	-0.009198	-0.002704	-0.005724	-0.019495	-0.002301	-0.013527	-0.000863	-0.000779	-0.010250	-0.003726	-0.007697	-0.011987	-0.009795	-0.007233	-0.011851	-0.004825	-0.009269	0.006042	-0.012185	0.003666	-0.003826	0.004678	-0.002404	0.001701	0.005180	-0.010103	-0.009341	-0.005758	-0.001398	-0.010575	-0.016729	-0.009266	
-0.009489	-0.012135	0.002685	0.002294	-0.002575	0.005021	-0.006954	-0.001821	-0.008511	-0.009811	0.013908	-0.007742	0.000617	-0.025845	-0.007520	0.002400	-0.015106	-0.011192	0.012027	-0.001110	-0.007755	-0.011108	0.010699	-0.010861	0.011830	0.001323	-0.004037	0.012199	-0.010821	-0.001270	-0.003663	-0.002583	0.010203	0.005377	0.000681	0.552106	-0.005830	-0.006366	-0.004650	-0.002807	0.000720	0.002730	-0.004241	-0.003158	-0.004180	0.015645	0.000245	0.001689	0.004874	-0.009944	-0.002215	-0.011770	-0.016556	0.023475	-0.000030	0.002310	0.003691	-0.004645	0.007185	0.000879	-0.004968	-0.012995	0.001728	0.014112	-0.006249	-0.009953	0.003283	-0.011586	-0.009401	-0.003537	0.000592	0.002226	0.000772	-0.003350	0.007436	0.003091	-0.004977	0.001415	0.001612	-0.011003	-0.006127	-0.000216	0.000843	-0.006378	0.001594	-0.003357	0.002735	-0.002986	-0.001921	-0.001062	-0.005393	-0.011642	-0.016717	0.006901	-0.007269	-0.007063	-0.006638	-0.006807	0.000119	-0.006825	0.000511	-0.008658	-0.000145	-0.003870	-0.011346	-0.010510	-0.010041	-0.007432	-0.004888	-0.006122	
0.000080	-0.012406	-0.002507	-0.006789	-0.010971	-0.013444	-0.000245	-0.010446	0.008610	-0.004933	-0.006617	-0.015337	-0.001485	-0.003231	0.002965	-0.000389	-0.019039	-0.000135	-0.002549	-0.005043	-0.005051	-0.005200	0.002532	-0.005068	-0.003203	0.006773	-0.005110	-0.000659	-0.002510	0.003493	0.005907	-0.018875	-0.006089	0.003733	-0.003252	-0.005830	0.522413	-0.003205	0.000342	-0.003994	0.001249	0.006349	-0.003483	-0.002629	-0.007312	0.002671	0.006953	0.005309	0.050832	0.004432	0.001061	-0.007235	-0.001379	0.006153	0.002216	-0.011464	0.007653	0.008014	0.006914	0.004384	-0.004210	-0.013266	-0.007355	0.014527	-0.012127	-0.009424	0.001410	-0.013689	0.003029	-0.001863	-0.015929	-0.002279	-0.001330	-0.004422	0.000756	-0.001529	-0.003646	-0.013961	-0.009873	0.000054	-0.001364	-0.000488	0.007780	0.004565	0.002009	0.005068	-0.020308	-0.013785	-0.000362	-0.000418	-0.005435	-0.005162	-0.009207	0.005714	-0.014864	0.004680	-0.001646	-0.002960	0.001106	0.004690	-0.010288	-0.009959	0.003818	-0.000022	-0.018941	0.004667	-0.009397	-0.000609	-0.009394	-0.007080	
